    1 ,   1.000000E-003 ,     1 ,   0.000000E+000 ,   0.000000E+000 ,   0.000000E+000 ,   0.000000E+000 ,    68 ,   0.000000E+000 ,   0.000000E+000 ,  -4.574704E-015 ,  -4.574704E-015 , 
    2 ,   2.309000E-003 ,     1 ,   0.000000E+000 ,   0.000000E+000 ,   3.333333E-005 ,   3.333333E-005 ,    68 ,   0.000000E+000 ,   0.000000E+000 ,  -1.372411E-014 ,  -1.372411E-014 , 
    3 ,   4.022481E-003 ,     1 ,   0.000000E+000 ,   0.000000E+000 ,   7.696667E-005 ,   7.696667E-005 ,    68 ,   0.000000E+000 ,   0.000000E+000 ,  -2.287352E-014 ,  -2.287352E-014 , 
    4 ,   6.265428E-003 ,     1 ,   0.000000E+000 ,   0.000000E+000 ,   1.340827E-004 ,   1.340827E-004 ,    68 ,   0.000000E+000 ,   0.000000E+000 ,  -3.659763E-014 ,  -3.659763E-014 , 
    5 ,   9.201445E-003 ,     1 ,   0.000000E+000 ,   0.000000E+000 ,   2.088476E-004 ,   2.088476E-004 ,    68 ,   0.000000E+000 ,   0.000000E+000 ,  -5.032175E-014 ,  -5.032175E-014 , 
    6 ,   1.304469E-002 ,     1 ,   0.000000E+000 ,   0.000000E+000 ,   3.067148E-004 ,   3.067148E-004 ,    68 ,   0.000000E+000 ,   0.000000E+000 ,  -5.947115E-014 ,  -5.947115E-014 , 
    7 ,   1.807550E-002 ,     1 ,   0.000000E+000 ,   0.000000E+000 ,   4.348230E-004 ,   4.348230E-004 ,    68 ,   0.000000E+000 ,   0.000000E+000 ,  -6.862056E-014 ,  -6.862056E-014 , 
    8 ,   2.466083E-002 ,     1 ,   0.000000E+000 ,   0.000000E+000 ,   6.025167E-004 ,   6.025167E-004 ,    68 ,   0.000000E+000 ,   0.000000E+000 ,  -7.319527E-014 ,  -7.319527E-014 , 
    9 ,   3.328103E-002 ,     1 ,   0.000000E+000 ,   0.000000E+000 ,   8.220277E-004 ,   8.220277E-004 ,    68 ,   0.000000E+000 ,   0.000000E+000 ,  -6.404586E-014 ,  -6.404586E-014 , 
   10 ,   4.456486E-002 ,     1 ,   0.000000E+000 ,   0.000000E+000 ,   1.109368E-003 ,   1.109368E-003 ,    68 ,   0.000000E+000 ,   0.000000E+000 ,  -2.744822E-014 ,  -2.744822E-014 , 
   11 ,   5.933541E-002 ,     1 ,   0.000000E+000 ,   0.000000E+000 ,   1.485495E-003 ,   1.485495E-003 ,    68 ,   0.000000E+000 ,   0.000000E+000 ,   5.032175E-014 ,   5.032175E-014 , 
   12 ,   7.867005E-002 ,     1 ,   0.000000E+000 ,   0.000000E+000 ,   1.977847E-003 ,   1.977847E-003 ,    68 ,   0.000000E+000 ,   0.000000E+000 ,   1.921376E-013 ,   1.921376E-013 , 
   13 ,   1.039791E-001 ,     1 ,   0.000000E+000 ,   0.000000E+000 ,   2.622335E-003 ,   2.622335E-003 ,    68 ,   0.000000E+000 ,   0.000000E+000 ,   4.345969E-013 ,   4.345969E-013 , 
   14 ,   1.371086E-001 ,     1 ,   0.000000E+000 ,   0.000000E+000 ,   3.465970E-003 ,   3.465970E-003 ,    68 ,   0.000000E+000 ,   0.000000E+000 ,   8.325962E-013 ,   8.325962E-013 , 
   15 ,   1.804752E-001 ,     1 ,   0.000000E+000 ,   0.000000E+000 ,   4.570288E-003 ,   4.570288E-003 ,    68 ,   0.000000E+000 ,   0.000000E+000 ,   1.468480E-012 ,   1.468480E-012 , 
   16 ,   2.372420E-001 ,     1 ,   0.000000E+000 ,   0.000000E+000 ,   6.015840E-003 ,   6.015840E-003 ,    68 ,   0.000000E+000 ,   0.000000E+000 ,   2.447467E-012 ,   2.447467E-012 , 
   17 ,   3.115498E-001 ,     1 ,   0.000000E+000 ,   0.000000E+000 ,   7.908068E-003 ,   7.908068E-003 ,    68 ,   0.000000E+000 ,   0.000000E+000 ,   3.920521E-012 ,   3.920521E-012 , 
   18 ,   4.088187E-001 ,     1 ,   0.000000E+000 ,   0.000000E+000 ,   1.038499E-002 ,   1.038499E-002 ,    68 ,   0.000000E+000 ,   0.000000E+000 ,   6.066058E-012 ,   6.066058E-012 , 
   19 ,   5.361437E-001 ,     1 ,   0.000000E+000 ,   0.000000E+000 ,   1.362729E-002 ,   1.362729E-002 ,    68 ,   0.000000E+000 ,   0.000000E+000 ,   9.012167E-012 ,   9.012167E-012 , 
   20 ,   7.028121E-001 ,     1 ,   0.000000E+000 ,   0.000000E+000 ,   1.787146E-002 ,   1.787146E-002 ,    68 ,   0.000000E+000 ,   0.000000E+000 ,   1.346335E-011 ,   1.346335E-011 , 
   21 ,   9.209811E-001 ,     1 ,   0.000000E+000 ,   0.000000E+000 ,   2.342707E-002 ,   2.342707E-002 ,    68 ,   0.000000E+000 ,   0.000000E+000 ,   2.532190E-010 ,   2.532190E-010 , 
   22 ,   1.206564E+000 ,     1 ,   0.000000E+000 ,   0.000000E+000 ,   3.069937E-002 ,   3.069937E-002 ,    68 ,   0.000000E+000 ,   0.000000E+000 ,   2.715217E-008 ,   2.715217E-008 , 
   23 ,   1.580393E+000 ,     1 ,   0.000000E+000 ,   0.000000E+000 ,   4.021881E-002 ,   4.021881E-002 ,    68 ,   0.000000E+000 ,   0.000000E+000 ,   1.187597E-006 ,   1.187597E-006 , 
   24 ,   2.069734E+000 ,     1 ,   0.000000E+000 ,   0.000000E+000 ,   5.267975E-002 ,   5.267975E-002 ,    68 ,   0.000000E+000 ,   0.000000E+000 ,   2.254833E-005 ,   2.254833E-005 , 
   25 ,   2.710282E+000 ,     1 ,   0.000000E+000 ,   0.000000E+000 ,   6.899113E-002 ,   6.899113E-002 ,    68 ,   0.000000E+000 ,   0.000000E+000 ,   2.110670E-004 ,   2.110670E-004 , 
   26 ,   3.548759E+000 ,     1 ,   0.000000E+000 ,   0.000000E+000 ,   9.034272E-002 ,   9.034272E-002 ,    68 ,   0.000000E+000 ,   0.000000E+000 ,   1.098310E-003 ,   1.098310E-003 , 
   27 ,   4.646325E+000 ,     1 ,   0.000000E+000 ,   0.000000E+000 ,   1.182920E-001 ,   1.182920E-001 ,    68 ,   0.000000E+000 ,   0.000000E+000 ,   3.566440E-003 ,   3.566440E-003 , 
   28 ,   6.083039E+000 ,     1 ,   0.000000E+000 ,   0.000000E+000 ,   1.548775E-001 ,   1.548775E-001 ,    68 ,   0.000000E+000 ,   0.000000E+000 ,   8.132155E-003 ,   8.132155E-003 , 
   29 ,   7.963699E+000 ,     1 ,   0.000000E+000 ,   0.000000E+000 ,   2.027680E-001 ,   2.027680E-001 ,    68 ,   0.000000E+000 ,   0.000000E+000 ,   1.476803E-002 ,   1.476803E-002 , 
   30 ,   1.042548E+001 ,     1 ,   0.000000E+000 ,   0.000000E+000 ,   2.654566E-001 ,   2.654566E-001 ,    68 ,   0.000000E+000 ,   0.000000E+000 ,   2.408076E-002 ,   2.408076E-002 , 
   31 ,   1.364796E+001 ,     1 ,   0.000000E+000 ,   0.000000E+000 ,   3.475161E-001 ,   3.475161E-001 ,    68 ,   0.000000E+000 ,   0.000000E+000 ,   3.826749E-002 ,   3.826749E-002 , 
   32 ,   1.786617E+001 ,     1 ,   0.000000E+000 ,   0.000000E+000 ,   4.549318E-001 ,   4.549318E-001 ,    68 ,   0.000000E+000 ,   0.000000E+000 ,   6.073069E-002 ,   6.073069E-002 , 
   33 ,   2.338782E+001 ,     1 ,   0.000000E+000 ,   0.000000E+000 ,   5.955391E-001 ,   5.955391E-001 ,    68 ,   0.000000E+000 ,   0.000000E+000 ,   9.609646E-002 ,   9.609646E-002 , 
   34 ,   3.061566E+001 ,     1 ,   0.000000E+000 ,   0.000000E+000 ,   7.795940E-001 ,   7.795940E-001 ,    68 ,   0.000000E+000 ,   0.000000E+000 ,   1.514404E-001 ,   1.514404E-001 , 
   35 ,   4.007690E+001 ,     1 ,   0.000000E+000 ,   0.000000E+000 ,   1.000000E+000 ,   1.000000E+000 ,    68 ,   0.000000E+000 ,   0.000000E+000 ,   2.354165E-001 ,   2.354165E-001 , 
   36 ,   5.246166E+001 ,     1 ,   0.000000E+000 ,   0.000000E+000 ,   1.000000E+000 ,   1.000000E+000 ,    68 ,   0.000000E+000 ,   0.000000E+000 ,   3.206116E-001 ,   3.206116E-001 , 
   37 ,   6.867331E+001 ,     1 ,   0.000000E+000 ,   0.000000E+000 ,   1.000000E+000 ,   1.000000E+000 ,    68 ,   0.000000E+000 ,   0.000000E+000 ,   4.086378E-001 ,   4.086378E-001 , 
   38 ,   8.989436E+001 ,     1 ,   0.000000E+000 ,   0.000000E+000 ,   1.000000E+000 ,   1.000000E+000 ,    68 ,   0.000000E+000 ,   0.000000E+000 ,   4.995911E-001 ,   4.995911E-001 , 
   39 ,   1.176727E+002 ,     1 ,   0.000000E+000 ,   0.000000E+000 ,   1.000000E+000 ,   1.000000E+000 ,    68 ,   0.000000E+000 ,   0.000000E+000 ,   5.905840E-001 ,   5.905840E-001 , 
   40 ,   1.540346E+002 ,     1 ,   0.000000E+000 ,   0.000000E+000 ,   1.000000E+000 ,   1.000000E+000 ,    68 ,   0.000000E+000 ,   0.000000E+000 ,   6.775616E-001 ,   6.775616E-001 , 
   41 ,   2.016323E+002 ,     1 ,   0.000000E+000 ,   0.000000E+000 ,   1.000000E+000 ,   1.000000E+000 ,    68 ,   0.000000E+000 ,   0.000000E+000 ,   7.563554E-001 ,   7.563554E-001 , 
   42 ,   2.639377E+002 ,     1 ,   0.000000E+000 ,   0.000000E+000 ,   1.000000E+000 ,   1.000000E+000 ,    68 ,   0.000000E+000 ,   0.000000E+000 ,   8.234333E-001 ,   8.234333E-001 , 
   43 ,   3.454954E+002 ,     1 ,   0.000000E+000 ,   0.000000E+000 ,   1.000000E+000 ,   1.000000E+000 ,    68 ,   0.000000E+000 ,   0.000000E+000 ,   8.768092E-001 ,   8.768092E-001 , 
   44 ,   4.522545E+002 ,     1 ,   0.000000E+000 ,   0.000000E+000 ,   1.000000E+000 ,   1.000000E+000 ,    68 ,   0.000000E+000 ,   0.000000E+000 ,   9.165342E-001 ,   9.165342E-001 , 
   45 ,   5.920021E+002 ,     1 ,   0.000000E+000 ,   0.000000E+000 ,   1.000000E+000 ,   1.000000E+000 ,    68 ,   0.000000E+000 ,   0.000000E+000 ,   9.443504E-001 ,   9.443504E-001 , 
   46 ,   7.749317E+002 ,     1 ,   0.000000E+000 ,   0.000000E+000 ,   1.000000E+000 ,   1.000000E+000 ,    68 ,   0.000000E+000 ,   0.000000E+000 ,   9.629089E-001 ,   9.629089E-001 , 
   47 ,   1.014387E+003 ,     1 ,   0.000000E+000 ,   0.000000E+000 ,   1.000000E+000 ,   1.000000E+000 ,    68 ,   0.000000E+000 ,   0.000000E+000 ,   9.749580E-001 ,   9.749580E-001 , 
   48 ,   1.327833E+003 ,     1 ,   0.000000E+000 ,   0.000000E+000 ,   1.000000E+000 ,   1.000000E+000 ,    68 ,   0.000000E+000 ,   0.000000E+000 ,   9.827431E-001 ,   9.827431E-001 , 
   49 ,   1.738135E+003 ,     1 ,   0.000000E+000 ,   0.000000E+000 ,   1.000000E+000 ,   1.000000E+000 ,    68 ,   0.000000E+000 ,   0.000000E+000 ,   9.878357E-001 ,   9.878357E-001 , 
   50 ,   2.275219E+003 ,     1 ,   0.000000E+000 ,   0.000000E+000 ,   1.000000E+000 ,   1.000000E+000 ,    68 ,   0.000000E+000 ,   0.000000E+000 ,   9.912474E-001 ,   9.912474E-001 , 
   51 ,   2.978263E+003 ,     1 ,   0.000000E+000 ,   0.000000E+000 ,   1.000000E+000 ,   1.000000E+000 ,    68 ,   0.000000E+000 ,   0.000000E+000 ,   9.935985E-001 ,   9.935985E-001 , 
   52 ,   3.898547E+003 ,     1 ,   0.000000E+000 ,   0.000000E+000 ,   1.000000E+000 ,   1.000000E+000 ,    68 ,   0.000000E+000 ,   0.000000E+000 ,   9.952585E-001 ,   9.952585E-001 , 
   53 ,   5.103199E+003 ,     1 ,   0.000000E+000 ,   0.000000E+000 ,   1.000000E+000 ,   1.000000E+000 ,    68 ,   0.000000E+000 ,   0.000000E+000 ,   9.964540E-001 ,   9.964540E-001 , 
   54 ,   6.680089E+003 ,     1 ,   0.000000E+000 ,   0.000000E+000 ,   1.000000E+000 ,   1.000000E+000 ,    68 ,   0.000000E+000 ,   0.000000E+000 ,   9.973237E-001 ,   9.973237E-001 , 
   55 ,   7.200000E+003 ,     1 ,   0.000000E+000 ,   0.000000E+000 ,   1.000000E+000 ,   1.000000E+000 ,    68 ,   0.000000E+000 ,   0.000000E+000 ,   9.974564E-001 ,   9.974564E-001 , 
   56 ,   9.264148E+003 ,     1 ,   0.000000E+000 ,   0.000000E+000 ,   1.000000E+000 ,   1.000000E+000 ,    68 ,   0.000000E+000 ,   0.000000E+000 ,   9.981101E-001 ,   9.981101E-001 , 
   57 ,   1.196612E+004 ,     1 ,   0.000000E+000 ,   0.000000E+000 ,   1.000000E+000 ,   1.000000E+000 ,    68 ,   0.000000E+000 ,   0.000000E+000 ,   9.985125E-001 ,   9.985125E-001 , 
   58 ,   1.440000E+004 ,     1 ,   0.000000E+000 ,   0.000000E+000 ,   1.000000E+000 ,   1.000000E+000 ,    68 ,   0.000000E+000 ,   0.000000E+000 ,   9.987476E-001 ,   9.987476E-001 , 
   59 ,   1.793688E+004 ,     1 ,   0.000000E+000 ,   0.000000E+000 ,   1.000000E+000 ,   1.000000E+000 ,    68 ,   0.000000E+000 ,   0.000000E+000 ,   9.991025E-001 ,   9.991025E-001 , 
   60 ,   2.160000E+004 ,     1 ,   0.000000E+000 ,   0.000000E+000 ,   1.000000E+000 ,   1.000000E+000 ,    68 ,   0.000000E+000 ,   0.000000E+000 ,   9.992834E-001 ,   9.992834E-001 , 
   61 ,   2.622977E+004 ,     1 ,   0.000000E+000 ,   0.000000E+000 ,   1.000000E+000 ,   1.000000E+000 ,    68 ,   0.000000E+000 ,   0.000000E+000 ,   9.994210E-001 ,   9.994210E-001 , 
   62 ,   2.880000E+004 ,     1 ,   0.000000E+000 ,   0.000000E+000 ,   1.000000E+000 ,   1.000000E+000 ,    68 ,   0.000000E+000 ,   0.000000E+000 ,   9.994729E-001 ,   9.994729E-001 , 
   63 ,   3.486038E+004 ,     1 ,   0.000000E+000 ,   0.000000E+000 ,   1.000000E+000 ,   1.000000E+000 ,    68 ,   0.000000E+000 ,   0.000000E+000 ,   9.995750E-001 ,   9.995750E-001 , 
   64 ,   3.600000E+004 ,     1 ,   0.000000E+000 ,   0.000000E+000 ,   1.000000E+000 ,   1.000000E+000 ,    68 ,   0.000000E+000 ,   0.000000E+000 ,   9.995714E-001 ,   9.995714E-001 , 
   65 ,   4.320000E+004 ,     1 ,   0.000000E+000 ,   0.000000E+000 ,   1.000000E+000 ,   1.000000E+000 ,    68 ,   0.000000E+000 ,   0.000000E+000 ,   9.996611E-001 ,   9.996611E-001 , 
   66 ,   5.040000E+004 ,     1 ,   0.000000E+000 ,   0.000000E+000 ,   1.000000E+000 ,   1.000000E+000 ,    68 ,   0.000000E+000 ,   0.000000E+000 ,   9.997084E-001 ,   9.997084E-001 , 
   67 ,   5.760000E+004 ,     1 ,   0.000000E+000 ,   0.000000E+000 ,   1.000000E+000 ,   1.000000E+000 ,    68 ,   0.000000E+000 ,   0.000000E+000 ,   9.997464E-001 ,   9.997464E-001 , 
   68 ,   6.480000E+004 ,     1 ,   0.000000E+000 ,   0.000000E+000 ,   1.000000E+000 ,   1.000000E+000 ,    68 ,   0.000000E+000 ,   0.000000E+000 ,   9.997758E-001 ,   9.997758E-001 , 
   69 ,   7.200000E+004 ,     1 ,   0.000000E+000 ,   0.000000E+000 ,   1.000000E+000 ,   1.000000E+000 ,    68 ,   0.000000E+000 ,   0.000000E+000 ,   9.997996E-001 ,   9.997996E-001 , 
   70 ,   7.920000E+004 ,     1 ,   0.000000E+000 ,   0.000000E+000 ,   1.000000E+000 ,   1.000000E+000 ,    68 ,   0.000000E+000 ,   0.000000E+000 ,   9.998190E-001 ,   9.998190E-001 , 
   71 ,   8.640000E+004 ,     1 ,   0.000000E+000 ,   0.000000E+000 ,   1.000000E+000 ,   1.000000E+000 ,    68 ,   0.000000E+000 ,   0.000000E+000 ,   9.998348E-001 ,   9.998348E-001 , 
   72 ,   9.433303E+004 ,     1 ,   0.000000E+000 ,   0.000000E+000 ,   1.000000E+000 ,   1.000000E+000 ,    68 ,   0.000000E+000 ,   0.000000E+000 ,   9.998496E-001 ,   9.998496E-001 , 
   73 ,   1.047174E+005 ,     1 ,   0.000000E+000 ,   0.000000E+000 ,   1.000000E+000 ,   1.000000E+000 ,    68 ,   0.000000E+000 ,   0.000000E+000 ,   9.998654E-001 ,   9.998654E-001 , 
   74 ,   1.183105E+005 ,     1 ,   0.000000E+000 ,   0.000000E+000 ,   1.000000E+000 ,   1.000000E+000 ,    68 ,   0.000000E+000 ,   0.000000E+000 ,   9.998811E-001 ,   9.998811E-001 , 
   75 ,   1.361038E+005 ,     1 ,   0.000000E+000 ,   0.000000E+000 ,   1.000000E+000 ,   1.000000E+000 ,    68 ,   0.000000E+000 ,   0.000000E+000 ,   9.998964E-001 ,   9.998964E-001 , 
   76 ,   1.593953E+005 ,     1 ,   0.000000E+000 ,   0.000000E+000 ,   1.000000E+000 ,   1.000000E+000 ,    68 ,   0.000000E+000 ,   0.000000E+000 ,   9.999052E-001 ,   9.999052E-001 , 
   77 ,   1.728000E+005 ,     1 ,   0.000000E+000 ,   0.000000E+000 ,   1.000000E+000 ,   1.000000E+000 ,    68 ,   0.000000E+000 ,   0.000000E+000 ,   9.999078E-001 ,   9.999078E-001 , 
   78 ,   2.032886E+005 ,     1 ,   0.000000E+000 ,   0.000000E+000 ,   1.000000E+000 ,   1.000000E+000 ,    68 ,   0.000000E+000 ,   0.000000E+000 ,   9.999272E-001 ,   9.999272E-001 , 
   79 ,   2.431982E+005 ,     1 ,   0.000000E+000 ,   0.000000E+000 ,   1.000000E+000 ,   1.000000E+000 ,    68 ,   0.000000E+000 ,   0.000000E+000 ,   9.999376E-001 ,   9.999376E-001 , 
   80 ,   2.592000E+005 ,     1 ,   0.000000E+000 ,   0.000000E+000 ,   1.000000E+000 ,   1.000000E+000 ,    68 ,   0.000000E+000 ,   0.000000E+000 ,   9.999357E-001 ,   9.999357E-001 , 
   81 ,   3.114416E+005 ,     1 ,   0.000000E+000 ,   0.000000E+000 ,   1.000000E+000 ,   1.000000E+000 ,    68 ,   0.000000E+000 ,   0.000000E+000 ,   9.999530E-001 ,   9.999530E-001 , 
   82 ,   3.456000E+005 ,     1 ,   0.000000E+000 ,   0.000000E+000 ,   1.000000E+000 ,   1.000000E+000 ,    68 ,   0.000000E+000 ,   0.000000E+000 ,   9.999544E-001 ,   9.999544E-001 , 
   83 ,   4.139843E+005 ,     1 ,   0.000000E+000 ,   0.000000E+000 ,   1.000000E+000 ,   1.000000E+000 ,    68 ,   0.000000E+000 ,   0.000000E+000 ,   9.999643E-001 ,   9.999643E-001 , 
   84 ,   5.034993E+005 ,     1 ,   0.000000E+000 ,   0.000000E+000 ,   1.000000E+000 ,   1.000000E+000 ,    68 ,   0.000000E+000 ,   0.000000E+000 ,   9.999700E-001 ,   9.999700E-001 , 
   85 ,   6.206745E+005 ,     1 ,   0.000000E+000 ,   0.000000E+000 ,   1.000000E+000 ,   1.000000E+000 ,    68 ,   0.000000E+000 ,   0.000000E+000 ,   9.999755E-001 ,   9.999755E-001 , 
   86 ,   7.740568E+005 ,     1 ,   0.000000E+000 ,   0.000000E+000 ,   1.000000E+000 ,   1.000000E+000 ,    68 ,   0.000000E+000 ,   0.000000E+000 ,   9.999803E-001 ,   9.999803E-001 , 
   87 ,   9.748342E+005 ,     1 ,   0.000000E+000 ,   0.000000E+000 ,   1.000000E+000 ,   1.000000E+000 ,    68 ,   0.000000E+000 ,   0.000000E+000 ,   9.999843E-001 ,   9.999843E-001 , 
   88 ,   1.175612E+006 ,     1 ,   0.000000E+000 ,   0.000000E+000 ,   1.000000E+000 ,   1.000000E+000 ,    68 ,   0.000000E+000 ,   0.000000E+000 ,   9.999869E-001 ,   9.999869E-001 , 
   89 ,   1.438429E+006 ,     1 ,   0.000000E+000 ,   0.000000E+000 ,   1.000000E+000 ,   1.000000E+000 ,    68 ,   0.000000E+000 ,   0.000000E+000 ,   9.999895E-001 ,   9.999895E-001 , 
   90 ,   1.782458E+006 ,     1 ,   0.000000E+000 ,   0.000000E+000 ,   1.000000E+000 ,   1.000000E+000 ,    68 ,   0.000000E+000 ,   0.000000E+000 ,   9.999916E-001 ,   9.999916E-001 , 
   91 ,   2.232791E+006 ,     1 ,   0.000000E+000 ,   0.000000E+000 ,   1.000000E+000 ,   1.000000E+000 ,    68 ,   0.000000E+000 ,   0.000000E+000 ,   9.999933E-001 ,   9.999933E-001 , 
   92 ,   2.822277E+006 ,     1 ,   0.000000E+000 ,   0.000000E+000 ,   1.000000E+000 ,   1.000000E+000 ,    68 ,   0.000000E+000 ,   0.000000E+000 ,   9.999947E-001 ,   9.999947E-001 , 
   93 ,   3.593914E+006 ,     1 ,   0.000000E+000 ,   0.000000E+000 ,   1.000000E+000 ,   1.000000E+000 ,    68 ,   0.000000E+000 ,   0.000000E+000 ,   9.999958E-001 ,   9.999958E-001 , 
   94 ,   4.593914E+006 ,     1 ,   0.000000E+000 ,   0.000000E+000 ,   1.000000E+000 ,   1.000000E+000 ,    68 ,   0.000000E+000 ,   0.000000E+000 ,   9.999967E-001 ,   9.999967E-001 , 
   95 ,   5.593914E+006 ,     1 ,   0.000000E+000 ,   0.000000E+000 ,   1.000000E+000 ,   1.000000E+000 ,    68 ,   0.000000E+000 ,   0.000000E+000 ,   9.999973E-001 ,   9.999973E-001 , 
   96 ,   6.593914E+006 ,     1 ,   0.000000E+000 ,   0.000000E+000 ,   1.000000E+000 ,   1.000000E+000 ,    68 ,   0.000000E+000 ,   0.000000E+000 ,   9.999978E-001 ,   9.999978E-001 , 
   97 ,   7.593914E+006 ,     1 ,   0.000000E+000 ,   0.000000E+000 ,   1.000000E+000 ,   1.000000E+000 ,    68 ,   0.000000E+000 ,   0.000000E+000 ,   9.999981E-001 ,   9.999981E-001 , 
   98 ,   8.593914E+006 ,     1 ,   0.000000E+000 ,   0.000000E+000 ,   1.000000E+000 ,   1.000000E+000 ,    68 ,   0.000000E+000 ,   0.000000E+000 ,   9.999983E-001 ,   9.999983E-001 , 
   99 ,   8.640000E+006 ,     1 ,   0.000000E+000 ,   0.000000E+000 ,   1.000000E+000 ,   1.000000E+000 ,    68 ,   0.000000E+000 ,   0.000000E+000 ,   9.999961E-001 ,   9.999961E-001 , 
