    1 , 0.100000E-02 , 0.000000E+00 , 0.000000E+00
    2 , 0.230900E-02 , 0.000000E+00 , 0.000000E+00
    3 , 0.402248E-02 , 0.000000E+00 , 0.000000E+00
    4 , 0.626543E-02 , 0.000000E+00 , 0.000000E+00
    5 , 0.920144E-02 , 0.000000E+00 , 0.000000E+00
    6 , 0.130447E-01 , 0.000000E+00 , 0.000000E+00
    7 , 0.180755E-01 , 0.000000E+00 , 0.000000E+00
    8 , 0.246608E-01 , 0.000000E+00 , 0.000000E+00
    9 , 0.332810E-01 , 0.000000E+00 , 0.000000E+00
   10 , 0.445649E-01 , 0.000000E+00 , 0.000000E+00
   11 , 0.593354E-01 , 0.000000E+00 , 0.000000E+00
   12 , 0.786700E-01 , 0.000000E+00 , 0.000000E+00
   13 , 0.103979E+00 , 0.000000E+00 , 0.000000E+00
   14 , 0.137109E+00 , 0.000000E+00 , 0.000000E+00
   15 , 0.180475E+00 , 0.000000E+00 , 0.000000E+00
   16 , 0.237242E+00 , 0.000000E+00 , 0.000000E+00
   17 , 0.311550E+00 , 0.000000E+00 , 0.000000E+00
   18 , 0.408819E+00 , 0.000000E+00 , 0.000000E+00
   19 , 0.536144E+00 , 0.000000E+00 , 0.000000E+00
   20 , 0.702812E+00 , 0.000000E+00 , 0.000000E+00
   21 , 0.920981E+00 , 0.000000E+00 , 0.000000E+00
   22 , 0.120656E+01 , 0.000000E+00 , 0.000000E+00
   23 , 0.158039E+01 , 0.000000E+00 , 0.000000E+00
   24 , 0.206973E+01 , 0.000000E+00 , 0.000000E+00
   25 , 0.271028E+01 , 0.000000E+00 , 0.000000E+00
   26 , 0.354876E+01 , 0.000000E+00 , 0.000000E+00
   27 , 0.464633E+01 , 0.000000E+00 , 0.000000E+00
   28 , 0.608304E+01 , 0.000000E+00 , 0.000000E+00
   29 , 0.796370E+01 , 0.000000E+00 , 0.000000E+00
   30 , 0.104255E+02 , 0.000000E+00 , 0.000000E+00
   31 , 0.136480E+02 , 0.000000E+00 , 0.000000E+00
   32 , 0.178662E+02 , 0.000000E+00 , 0.000000E+00
   33 , 0.233878E+02 , 0.000000E+00 , 0.000000E+00
   34 , 0.306157E+02 , 0.000000E+00 , 0.000000E+00
   35 , 0.400769E+02 , 0.000000E+00 , 0.000000E+00
   36 , 0.524617E+02 , 0.000000E+00 , 0.000000E+00
   37 , 0.686733E+02 , 0.000000E+00 , 0.000000E+00
   38 , 0.898944E+02 , 0.000000E+00 , 0.000000E+00
   39 , 0.117673E+03 , 0.000000E+00 , 0.000000E+00
   40 , 0.154035E+03 , 0.000000E+00 , 0.000000E+00
   41 , 0.201632E+03 , 0.000000E+00 , 0.000000E+00
   42 , 0.263938E+03 , 0.000000E+00 , 0.000000E+00
   43 , 0.345495E+03 , 0.000000E+00 , 0.000000E+00
   44 , 0.452254E+03 , 0.000000E+00 , 0.000000E+00
   45 , 0.592002E+03 , 0.000000E+00 , 0.000000E+00
   46 , 0.774932E+03 , 0.000000E+00 , 0.000000E+00
   47 , 0.101439E+04 , 0.000000E+00 , 0.000000E+00
   48 , 0.132783E+04 , 0.000000E+00 , 0.000000E+00
   49 , 0.173813E+04 , 0.000000E+00 , 0.000000E+00
   50 , 0.227522E+04 , 0.000000E+00 , 0.000000E+00
   51 , 0.297826E+04 , 0.000000E+00 , 0.000000E+00
   52 , 0.389855E+04 , 0.000000E+00 , 0.000000E+00
   53 , 0.510320E+04 , 0.000000E+00 , 0.000000E+00
   54 , 0.668009E+04 , 0.000000E+00 , 0.000000E+00
   55 , 0.720000E+04 , 0.000000E+00 , 0.000000E+00
   56 , 0.926415E+04 , 0.000000E+00 , 0.000000E+00
   57 , 0.119661E+05 , 0.000000E+00 , 0.000000E+00
   58 , 0.144000E+05 , 0.000000E+00 , 0.000000E+00
   59 , 0.179369E+05 , 0.000000E+00 , 0.000000E+00
   60 , 0.216000E+05 , 0.000000E+00 , 0.000000E+00
   61 , 0.262298E+05 , 0.000000E+00 , 0.000000E+00
   62 , 0.288000E+05 , 0.000000E+00 , 0.000000E+00
   63 , 0.348604E+05 , 0.000000E+00 , 0.000000E+00
   64 , 0.360000E+05 , 0.000000E+00 , 0.000000E+00
   65 , 0.432000E+05 , 0.000000E+00 , 0.000000E+00
   66 , 0.504000E+05 , 0.000000E+00 , 0.000000E+00
   67 , 0.576000E+05 , 0.000000E+00 , 0.000000E+00
   68 , 0.648000E+05 , 0.000000E+00 , 0.000000E+00
   69 , 0.720000E+05 , 0.000000E+00 , 0.000000E+00
   70 , 0.792000E+05 , 0.000000E+00 , 0.000000E+00
   71 , 0.864000E+05 , 0.000000E+00 , 0.000000E+00
   72 , 0.943330E+05 , 0.000000E+00 , 0.000000E+00
   73 , 0.104717E+06 , 0.000000E+00 , 0.000000E+00
   74 , 0.118310E+06 , 0.000000E+00 , 0.000000E+00
   75 , 0.136104E+06 , 0.000000E+00 , 0.000000E+00
   76 , 0.159395E+06 , 0.000000E+00 , 0.000000E+00
   77 , 0.172800E+06 , 0.000000E+00 , 0.000000E+00
   78 , 0.203289E+06 , 0.000000E+00 , 0.000000E+00
   79 , 0.243198E+06 , 0.000000E+00 , 0.000000E+00
   80 , 0.259200E+06 , 0.000000E+00 , 0.000000E+00
   81 , 0.311442E+06 , 0.000000E+00 , 0.000000E+00
   82 , 0.345600E+06 , 0.000000E+00 , 0.000000E+00
   83 , 0.413984E+06 , 0.000000E+00 , 0.000000E+00
   84 , 0.503499E+06 , 0.000000E+00 , 0.000000E+00
   85 , 0.620674E+06 , 0.000000E+00 , 0.000000E+00
   86 , 0.774057E+06 , 0.000000E+00 , 0.000000E+00
   87 , 0.974834E+06 , 0.000000E+00 , 0.000000E+00
   88 , 0.117561E+07 , 0.000000E+00 , 0.000000E+00
   89 , 0.143843E+07 , 0.000000E+00 , 0.000000E+00
   90 , 0.178246E+07 , 0.000000E+00 , 0.000000E+00
   91 , 0.223279E+07 , 0.000000E+00 , 0.000000E+00
   92 , 0.282228E+07 , 0.000000E+00 , 0.000000E+00
   93 , 0.359391E+07 , 0.000000E+00 , 0.000000E+00
   94 , 0.459391E+07 , 0.000000E+00 , 0.000000E+00
   95 , 0.559391E+07 , 0.000000E+00 , 0.000000E+00
   96 , 0.659391E+07 , 0.000000E+00 , 0.000000E+00
   97 , 0.759391E+07 , 0.000000E+00 , 0.000000E+00
   98 , 0.859391E+07 , 0.000000E+00 , 0.000000E+00
   99 , 0.864000E+07 , 0.000000E+00 , 0.000000E+00
