INCON -- INITIAL CONDITIONS FOR   22 ELEMENTS AT TIME  0.379208E+09             
*bA 1           0.10000000E+01 3
 0.2500000000000E+07 0.0000000000000E+00 0.1000000000000E+01 0.5000000000000E+01
1AA 1           0.10000000E+01 3
 0.4163258649738E+06 0.0000000000000E+00 0.1000000000000E+01 0.5625000000000E+01
1BA 1           0.10000000E+01 3
 0.4203214928741E+06 0.0000000000000E+00 0.1000000000000E+01 0.6875000000000E+01
1CA 1           0.10000000E+01 3
 0.4243370159716E+06 0.0000000000000E+00 0.1000000000000E+01 0.8125000000000E+01
1DA 1           0.10000000E+01 3
 0.4283724258095E+06 0.0000000000000E+00 0.1000000000000E+01 0.9375000000000E+01
1EA 1           0.10000000E+01 3
 0.4324277032934E+06 0.0000000000000E+00 0.1000000000000E+01 0.1062500000000E+02
1FA 1           0.10000000E+01 3
 0.4365028171351E+06 0.0000000000000E+00 0.1000000000000E+01 0.1187500000000E+02
1GA 1           0.10000000E+01 3
 0.4405977493075E+06 0.0000000000000E+00 0.1000000000000E+01 0.1312500000000E+02
1HA 1           0.10000000E+01 3
 0.4447124928646E+06 0.0000000000000E+00 0.1000000000000E+01 0.1437500000000E+02
1IA 1           0.10000000E+01 3
 0.4488470331724E+06 0.0000000000000E+00 0.1000000000000E+01 0.1562500000000E+02
1JA 1           0.10000000E+01 3
 0.4530013451899E+06 0.0000000000000E+00 0.1000000000000E+01 0.1687500000000E+02
1KA 1           0.10000000E+01 3
 0.4571754154631E+06 0.0000000000000E+00 0.1000000000000E+01 0.1812500000000E+02
1LA 1           0.10000000E+01 3
 0.4613692333538E+06 0.0000000000000E+00 0.1000000000000E+01 0.1937500000000E+02
1MA 1           0.10000000E+01 3
 0.4655827822199E+06 0.0000000000000E+00 0.1000000000000E+01 0.2062500000000E+02
1NA 1           0.10000000E+01 3
 0.4698160452580E+06 0.0000000000000E+00 0.1000000000000E+01 0.2187500000000E+02
1OA 1           0.10000000E+01 3
 0.4740690082739E+06 0.0000000000000E+00 0.1000000000000E+01 0.2312500000000E+02
1PA 1           0.10000000E+01 3
 0.4783416726772E+06 0.0000000000000E+00 0.1000000000000E+01 0.2437500000000E+02
1QA 1           0.10000000E+01 3
 0.4826340228034E+06 0.0000000000000E+00 0.1000000000000E+01 0.2562500000000E+02
1RA 1           0.10000000E+01 3
 0.4869460371439E+06 0.0000000000000E+00 0.1000000000000E+01 0.2687500000000E+02
1SA 1           0.10000000E+01 3
 0.4912777052904E+06 0.0000000000000E+00 0.1000000000000E+01 0.2812500000000E+02
1TA 1           0.10000000E+01 3
 0.4956290284720E+06 0.0000000000000E+00 0.1000000000000E+01 0.2937500000000E+02
02A 1           0.10000000E+01 3
 0.5000000000000E+06 0.0000000000000E+00 0.1000000000000E+01 0.3062500000000E+02
     
