    1 , 0.100000E-02 , 0.000000E+00 , 0.000000E+00
    2 , 0.230900E-02 , 0.000000E+00 , 0.000000E+00
    3 , 0.402248E-02 , 0.000000E+00 , 0.000000E+00
    4 , 0.626543E-02 , 0.000000E+00 , 0.000000E+00
    5 , 0.920144E-02 , 0.000000E+00 , 0.000000E+00
    6 , 0.130447E-01 , 0.000000E+00 , 0.000000E+00
    7 , 0.180755E-01 , 0.000000E+00 , 0.000000E+00
    8 , 0.246608E-01 , 0.000000E+00 , 0.000000E+00
    9 , 0.332810E-01 , 0.000000E+00 , 0.000000E+00
   10 , 0.445649E-01 , 0.000000E+00 , 0.000000E+00
   11 , 0.558487E-01 , 0.000000E+00 , 0.000000E+00
   12 , 0.671325E-01 , 0.000000E+00 , 0.000000E+00
   13 , 0.784164E-01 , 0.000000E+00 , 0.000000E+00
   14 , 0.897002E-01 , 0.000000E+00 , 0.000000E+00
   15 , 0.100984E+00 , 0.000000E+00 , 0.000000E+00
   16 , 0.112268E+00 , 0.000000E+00 , 0.000000E+00
   17 , 0.127038E+00 , 0.000000E+00 , 0.000000E+00
   18 , 0.141809E+00 , 0.000000E+00 , 0.000000E+00
   19 , 0.156580E+00 , 0.000000E+00 , 0.000000E+00
   20 , 0.171350E+00 , 0.000000E+00 , 0.000000E+00
   21 , 0.186121E+00 , 0.000000E+00 , 0.000000E+00
   22 , 0.205455E+00 , 0.000000E+00 , 0.000000E+00
   23 , 0.230764E+00 , 0.000000E+00 , 0.000000E+00
   24 , 0.263894E+00 , 0.000000E+00 , 0.000000E+00
   25 , 0.307260E+00 , 0.000000E+00 , 0.000000E+00
   26 , 0.364027E+00 , 0.000000E+00 , 0.000000E+00
   27 , 0.438335E+00 , 0.000000E+00 , 0.000000E+00
   28 , 0.535604E+00 , 0.000000E+00 , 0.000000E+00
   29 , 0.662929E+00 , 0.000000E+00 , 0.000000E+00
   30 , 0.829597E+00 , 0.000000E+00 , 0.000000E+00
   31 , 0.104777E+01 , 0.000000E+00 , 0.000000E+00
   32 , 0.133335E+01 , 0.000000E+00 , 0.000000E+00
   33 , 0.170718E+01 , 0.000000E+00 , 0.000000E+00
   34 , 0.219652E+01 , 0.000000E+00 , 0.000000E+00
   35 , 0.283707E+01 , 0.000000E+00 , 0.000000E+00
   36 , 0.367554E+01 , 0.000000E+00 , 0.000000E+00
   37 , 0.477311E+01 , 0.000000E+00 , 0.000000E+00
   38 , 0.620982E+01 , 0.000000E+00 , 0.000000E+00
   39 , 0.809048E+01 , 0.000000E+00 , 0.000000E+00
   40 , 0.105523E+02 , 0.000000E+00 , 0.000000E+00
   41 , 0.137747E+02 , 0.000000E+00 , 0.000000E+00
   42 , 0.179930E+02 , 0.000000E+00 , 0.000000E+00
   43 , 0.235146E+02 , 0.000000E+00 , 0.000000E+00
   44 , 0.307424E+02 , 0.000000E+00 , 0.000000E+00
   45 , 0.402037E+02 , 0.000000E+00 , 0.000000E+00
   46 , 0.525884E+02 , 0.000000E+00 , 0.000000E+00
   47 , 0.688001E+02 , 0.000000E+00 , 0.000000E+00
   48 , 0.900211E+02 , 0.000000E+00 , 0.000000E+00
   49 , 0.117800E+03 , 0.000000E+00 , 0.000000E+00
   50 , 0.154161E+03 , 0.000000E+00 , 0.000000E+00
   51 , 0.201759E+03 , 0.000000E+00 , 0.000000E+00
   52 , 0.264064E+03 , 0.000000E+00 , 0.000000E+00
   53 , 0.345622E+03 , 0.000000E+00 , 0.000000E+00
   54 , 0.452381E+03 , 0.000000E+00 , 0.000000E+00
   55 , 0.592129E+03 , 0.000000E+00 , 0.000000E+00
   56 , 0.775059E+03 , 0.000000E+00 , 0.000000E+00
   57 , 0.101451E+04 , 0.000000E+00 , 0.000000E+00
   58 , 0.132796E+04 , 0.000000E+00 , 0.000000E+00
   59 , 0.173826E+04 , 0.000000E+00 , 0.000000E+00
   60 , 0.227535E+04 , 0.000000E+00 , 0.000000E+00
   61 , 0.297839E+04 , 0.000000E+00 , 0.000000E+00
   62 , 0.389867E+04 , 0.000000E+00 , 0.000000E+00
   63 , 0.510333E+04 , 0.000000E+00 , 0.000000E+00
   64 , 0.668022E+04 , 0.000000E+00 , 0.000000E+00
   65 , 0.720000E+04 , 0.000000E+00 , 0.000000E+00
   66 , 0.926415E+04 , 0.000000E+00 , 0.000000E+00
   67 , 0.119661E+05 , 0.000000E+00 , 0.000000E+00
   68 , 0.144000E+05 , 0.000000E+00 , 0.000000E+00
   69 , 0.179369E+05 , 0.000000E+00 , 0.000000E+00
   70 , 0.216000E+05 , 0.000000E+00 , 0.000000E+00
   71 , 0.262298E+05 , 0.000000E+00 , 0.000000E+00
   72 , 0.288000E+05 , 0.000000E+00 , 0.000000E+00
   73 , 0.348604E+05 , 0.000000E+00 , 0.000000E+00
   74 , 0.360000E+05 , 0.000000E+00 , 0.000000E+00
   75 , 0.432000E+05 , 0.000000E+00 , 0.000000E+00
   76 , 0.504000E+05 , 0.000000E+00 , 0.000000E+00
   77 , 0.576000E+05 , 0.000000E+00 , 0.000000E+00
   78 , 0.648000E+05 , 0.000000E+00 , 0.000000E+00
   79 , 0.720000E+05 , 0.000000E+00 , 0.000000E+00
   80 , 0.792000E+05 , 0.000000E+00 , 0.000000E+00
   81 , 0.864000E+05 , 0.000000E+00 , 0.000000E+00
   82 , 0.943330E+05 , 0.000000E+00 , 0.000000E+00
   83 , 0.104717E+06 , 0.000000E+00 , 0.000000E+00
   84 , 0.118310E+06 , 0.000000E+00 , 0.000000E+00
   85 , 0.129307E+06 , 0.000000E+00 , 0.000000E+00
   86 , 0.143701E+06 , 0.000000E+00 , 0.000000E+00
   87 , 0.162543E+06 , 0.000000E+00 , 0.000000E+00
   88 , 0.172800E+06 , 0.000000E+00 , 0.000000E+00
   89 , 0.197464E+06 , 0.000000E+00 , 0.000000E+00
   90 , 0.217416E+06 , 0.000000E+00 , 0.000000E+00
   91 , 0.243534E+06 , 0.000000E+00 , 0.000000E+00
   92 , 0.259200E+06 , 0.000000E+00 , 0.000000E+00
   93 , 0.285318E+06 , 0.000000E+00 , 0.000000E+00
   94 , 0.293387E+06 , 0.000000E+00 , 0.000000E+00
   95 , 0.303950E+06 , 0.000000E+00 , 0.000000E+00
   96 , 0.317776E+06 , 0.000000E+00 , 0.000000E+00
   97 , 0.328962E+06 , 0.000000E+00 , 0.000000E+00
   98 , 0.343603E+06 , 0.000000E+00 , 0.000000E+00
   99 , 0.345600E+06 , 0.000000E+00 , 0.000000E+00
  100 , 0.360241E+06 , 0.000000E+00 , 0.000000E+00
  101 , 0.379407E+06 , 0.000000E+00 , 0.000000E+00
  102 , 0.394912E+06 , 0.000000E+00 , 0.000000E+00
  103 , 0.407454E+06 , 0.000000E+00 , 0.000000E+00
  104 , 0.417600E+06 , 0.000000E+00 , 0.000000E+00
  105 , 0.425808E+06 , 0.000000E+00 , 0.000000E+00
  106 , 0.436553E+06 , 0.000000E+00 , 0.000000E+00
  107 , 0.445244E+06 , 0.000000E+00 , 0.000000E+00
  108 , 0.452276E+06 , 0.000000E+00 , 0.000000E+00
  109 , 0.461479E+06 , 0.000000E+00 , 0.000000E+00
  110 , 0.473527E+06 , 0.000000E+00 , 0.000000E+00
  111 , 0.485575E+06 , 0.000000E+00 , 0.000000E+00
  112 , 0.497623E+06 , 0.000000E+00 , 0.000000E+00
  113 , 0.507370E+06 , 0.000000E+00 , 0.000000E+00
  114 , 0.520128E+06 , 0.000000E+00 , 0.000000E+00
  115 , 0.532885E+06 , 0.000000E+00 , 0.000000E+00
  116 , 0.545643E+06 , 0.000000E+00 , 0.000000E+00
  117 , 0.562344E+06 , 0.000000E+00 , 0.000000E+00
  118 , 0.568722E+06 , 0.000000E+00 , 0.000000E+00
  119 , 0.577071E+06 , 0.000000E+00 , 0.000000E+00
  120 , 0.588000E+06 , 0.000000E+00 , 0.000000E+00
  121 , 0.596841E+06 , 0.000000E+00 , 0.000000E+00
  122 , 0.608414E+06 , 0.000000E+00 , 0.000000E+00
  123 , 0.623563E+06 , 0.000000E+00 , 0.000000E+00
  124 , 0.638712E+06 , 0.000000E+00 , 0.000000E+00
  125 , 0.653861E+06 , 0.000000E+00 , 0.000000E+00
  126 , 0.673691E+06 , 0.000000E+00 , 0.000000E+00
  127 , 0.699648E+06 , 0.000000E+00 , 0.000000E+00
  128 , 0.733627E+06 , 0.000000E+00 , 0.000000E+00
  129 , 0.778104E+06 , 0.000000E+00 , 0.000000E+00
  130 , 0.822582E+06 , 0.000000E+00 , 0.000000E+00
  131 , 0.858563E+06 , 0.000000E+00 , 0.000000E+00
  132 , 0.887670E+06 , 0.000000E+00 , 0.000000E+00
  133 , 0.916777E+06 , 0.000000E+00 , 0.000000E+00
  134 , 0.940323E+06 , 0.000000E+00 , 0.000000E+00
  135 , 0.971146E+06 , 0.000000E+00 , 0.000000E+00
  136 , 0.996080E+06 , 0.000000E+00 , 0.000000E+00
  137 , 0.101625E+07 , 0.000000E+00 , 0.000000E+00
  138 , 0.104265E+07 , 0.000000E+00 , 0.000000E+00
  139 , 0.105081E+07 , 0.000000E+00 , 0.000000E+00
  140 , 0.106149E+07 , 0.000000E+00 , 0.000000E+00
  141 , 0.107217E+07 , 0.000000E+00 , 0.000000E+00
  142 , 0.108615E+07 , 0.000000E+00 , 0.000000E+00
  143 , 0.109745E+07 , 0.000000E+00 , 0.000000E+00
  144 , 0.111226E+07 , 0.000000E+00 , 0.000000E+00
  145 , 0.112706E+07 , 0.000000E+00 , 0.000000E+00
  146 , 0.113621E+07 , 0.000000E+00 , 0.000000E+00
  147 , 0.114818E+07 , 0.000000E+00 , 0.000000E+00
  148 , 0.116015E+07 , 0.000000E+00 , 0.000000E+00
  149 , 0.117583E+07 , 0.000000E+00 , 0.000000E+00
  150 , 0.119635E+07 , 0.000000E+00 , 0.000000E+00
  151 , 0.121294E+07 , 0.000000E+00 , 0.000000E+00
  152 , 0.123467E+07 , 0.000000E+00 , 0.000000E+00
  153 , 0.125640E+07 , 0.000000E+00 , 0.000000E+00
  154 , 0.128484E+07 , 0.000000E+00 , 0.000000E+00
  155 , 0.131328E+07 , 0.000000E+00 , 0.000000E+00
  156 , 0.132749E+07 , 0.000000E+00 , 0.000000E+00
  157 , 0.133900E+07 , 0.000000E+00 , 0.000000E+00
  158 , 0.135405E+07 , 0.000000E+00 , 0.000000E+00
  159 , 0.136911E+07 , 0.000000E+00 , 0.000000E+00
  160 , 0.138416E+07 , 0.000000E+00 , 0.000000E+00
  161 , 0.139922E+07 , 0.000000E+00 , 0.000000E+00
  162 , 0.141428E+07 , 0.000000E+00 , 0.000000E+00
  163 , 0.143399E+07 , 0.000000E+00 , 0.000000E+00
  164 , 0.144617E+07 , 0.000000E+00 , 0.000000E+00
  165 , 0.146211E+07 , 0.000000E+00 , 0.000000E+00
  166 , 0.147805E+07 , 0.000000E+00 , 0.000000E+00
  167 , 0.149892E+07 , 0.000000E+00 , 0.000000E+00
  168 , 0.151182E+07 , 0.000000E+00 , 0.000000E+00
  169 , 0.152870E+07 , 0.000000E+00 , 0.000000E+00
  170 , 0.155080E+07 , 0.000000E+00 , 0.000000E+00
  171 , 0.156185E+07 , 0.000000E+00 , 0.000000E+00
  172 , 0.156868E+07 , 0.000000E+00 , 0.000000E+00
  173 , 0.157762E+07 , 0.000000E+00 , 0.000000E+00
  174 , 0.158932E+07 , 0.000000E+00 , 0.000000E+00
  175 , 0.160463E+07 , 0.000000E+00 , 0.000000E+00
  176 , 0.162468E+07 , 0.000000E+00 , 0.000000E+00
  177 , 0.164473E+07 , 0.000000E+00 , 0.000000E+00
  178 , 0.167097E+07 , 0.000000E+00 , 0.000000E+00
  179 , 0.168409E+07 , 0.000000E+00 , 0.000000E+00
  180 , 0.170126E+07 , 0.000000E+00 , 0.000000E+00
  181 , 0.172374E+07 , 0.000000E+00 , 0.000000E+00
  182 , 0.173498E+07 , 0.000000E+00 , 0.000000E+00
  183 , 0.174192E+07 , 0.000000E+00 , 0.000000E+00
  184 , 0.175101E+07 , 0.000000E+00 , 0.000000E+00
  185 , 0.176292E+07 , 0.000000E+00 , 0.000000E+00
  186 , 0.177849E+07 , 0.000000E+00 , 0.000000E+00
  187 , 0.179407E+07 , 0.000000E+00 , 0.000000E+00
  188 , 0.180965E+07 , 0.000000E+00 , 0.000000E+00
  189 , 0.182523E+07 , 0.000000E+00 , 0.000000E+00
  190 , 0.184562E+07 , 0.000000E+00 , 0.000000E+00
  191 , 0.187231E+07 , 0.000000E+00 , 0.000000E+00
  192 , 0.189390E+07 , 0.000000E+00 , 0.000000E+00
  193 , 0.190215E+07 , 0.000000E+00 , 0.000000E+00
  194 , 0.191295E+07 , 0.000000E+00 , 0.000000E+00
  195 , 0.192374E+07 , 0.000000E+00 , 0.000000E+00
  196 , 0.193787E+07 , 0.000000E+00 , 0.000000E+00
  197 , 0.194931E+07 , 0.000000E+00 , 0.000000E+00
  198 , 0.196074E+07 , 0.000000E+00 , 0.000000E+00
  199 , 0.197570E+07 , 0.000000E+00 , 0.000000E+00
  200 , 0.198781E+07 , 0.000000E+00 , 0.000000E+00
  201 , 0.200365E+07 , 0.000000E+00 , 0.000000E+00
  202 , 0.202439E+07 , 0.000000E+00 , 0.000000E+00
  203 , 0.203721E+07 , 0.000000E+00 , 0.000000E+00
  204 , 0.205003E+07 , 0.000000E+00 , 0.000000E+00
  205 , 0.206285E+07 , 0.000000E+00 , 0.000000E+00
  206 , 0.207567E+07 , 0.000000E+00 , 0.000000E+00
  207 , 0.208604E+07 , 0.000000E+00 , 0.000000E+00
  208 , 0.209443E+07 , 0.000000E+00 , 0.000000E+00
  209 , 0.210541E+07 , 0.000000E+00 , 0.000000E+00
  210 , 0.211219E+07 , 0.000000E+00 , 0.000000E+00
  211 , 0.212108E+07 , 0.000000E+00 , 0.000000E+00
  212 , 0.212826E+07 , 0.000000E+00 , 0.000000E+00
  213 , 0.213767E+07 , 0.000000E+00 , 0.000000E+00
  214 , 0.214998E+07 , 0.000000E+00 , 0.000000E+00
  215 , 0.216610E+07 , 0.000000E+00 , 0.000000E+00
  216 , 0.218720E+07 , 0.000000E+00 , 0.000000E+00
  217 , 0.220427E+07 , 0.000000E+00 , 0.000000E+00
  218 , 0.221807E+07 , 0.000000E+00 , 0.000000E+00
  219 , 0.223188E+07 , 0.000000E+00 , 0.000000E+00
  220 , 0.224995E+07 , 0.000000E+00 , 0.000000E+00
  221 , 0.227361E+07 , 0.000000E+00 , 0.000000E+00
  222 , 0.229727E+07 , 0.000000E+00 , 0.000000E+00
  223 , 0.231641E+07 , 0.000000E+00 , 0.000000E+00
  224 , 0.233555E+07 , 0.000000E+00 , 0.000000E+00
  225 , 0.236060E+07 , 0.000000E+00 , 0.000000E+00
  226 , 0.237608E+07 , 0.000000E+00 , 0.000000E+00
  227 , 0.239635E+07 , 0.000000E+00 , 0.000000E+00
  228 , 0.240648E+07 , 0.000000E+00 , 0.000000E+00
  229 , 0.241975E+07 , 0.000000E+00 , 0.000000E+00
  230 , 0.243301E+07 , 0.000000E+00 , 0.000000E+00
  231 , 0.245037E+07 , 0.000000E+00 , 0.000000E+00
  232 , 0.246773E+07 , 0.000000E+00 , 0.000000E+00
  233 , 0.248177E+07 , 0.000000E+00 , 0.000000E+00
  234 , 0.249582E+07 , 0.000000E+00 , 0.000000E+00
  235 , 0.251420E+07 , 0.000000E+00 , 0.000000E+00
  236 , 0.253827E+07 , 0.000000E+00 , 0.000000E+00
  237 , 0.255774E+07 , 0.000000E+00 , 0.000000E+00
  238 , 0.257348E+07 , 0.000000E+00 , 0.000000E+00
  239 , 0.259410E+07 , 0.000000E+00 , 0.000000E+00
  240 , 0.261471E+07 , 0.000000E+00 , 0.000000E+00
  241 , 0.262502E+07 , 0.000000E+00 , 0.000000E+00
  242 , 0.263336E+07 , 0.000000E+00 , 0.000000E+00
  243 , 0.264170E+07 , 0.000000E+00 , 0.000000E+00
  244 , 0.265261E+07 , 0.000000E+00 , 0.000000E+00
  245 , 0.266352E+07 , 0.000000E+00 , 0.000000E+00
  246 , 0.267444E+07 , 0.000000E+00 , 0.000000E+00
  247 , 0.268872E+07 , 0.000000E+00 , 0.000000E+00
  248 , 0.270742E+07 , 0.000000E+00 , 0.000000E+00
  249 , 0.272612E+07 , 0.000000E+00 , 0.000000E+00
  250 , 0.275060E+07 , 0.000000E+00 , 0.000000E+00
  251 , 0.277040E+07 , 0.000000E+00 , 0.000000E+00
  252 , 0.278642E+07 , 0.000000E+00 , 0.000000E+00
  253 , 0.279938E+07 , 0.000000E+00 , 0.000000E+00
  254 , 0.281234E+07 , 0.000000E+00 , 0.000000E+00
  255 , 0.282530E+07 , 0.000000E+00 , 0.000000E+00
  256 , 0.284226E+07 , 0.000000E+00 , 0.000000E+00
  257 , 0.285598E+07 , 0.000000E+00 , 0.000000E+00
  258 , 0.286971E+07 , 0.000000E+00 , 0.000000E+00
  259 , 0.288081E+07 , 0.000000E+00 , 0.000000E+00
  260 , 0.289534E+07 , 0.000000E+00 , 0.000000E+00
  261 , 0.290709E+07 , 0.000000E+00 , 0.000000E+00
  262 , 0.292248E+07 , 0.000000E+00 , 0.000000E+00
  263 , 0.294262E+07 , 0.000000E+00 , 0.000000E+00
  264 , 0.296899E+07 , 0.000000E+00 , 0.000000E+00
  265 , 0.299032E+07 , 0.000000E+00 , 0.000000E+00
  266 , 0.301165E+07 , 0.000000E+00 , 0.000000E+00
  267 , 0.303957E+07 , 0.000000E+00 , 0.000000E+00
  268 , 0.306749E+07 , 0.000000E+00 , 0.000000E+00
  269 , 0.309008E+07 , 0.000000E+00 , 0.000000E+00
  270 , 0.310403E+07 , 0.000000E+00 , 0.000000E+00
  271 , 0.312231E+07 , 0.000000E+00 , 0.000000E+00
  272 , 0.313709E+07 , 0.000000E+00 , 0.000000E+00
  273 , 0.315187E+07 , 0.000000E+00 , 0.000000E+00
  274 , 0.317122E+07 , 0.000000E+00 , 0.000000E+00
  275 , 0.318687E+07 , 0.000000E+00 , 0.000000E+00
  276 , 0.320736E+07 , 0.000000E+00 , 0.000000E+00
  277 , 0.321760E+07 , 0.000000E+00 , 0.000000E+00
  278 , 0.322784E+07 , 0.000000E+00 , 0.000000E+00
  279 , 0.324125E+07 , 0.000000E+00 , 0.000000E+00
  280 , 0.325880E+07 , 0.000000E+00 , 0.000000E+00
  281 , 0.327635E+07 , 0.000000E+00 , 0.000000E+00
  282 , 0.329390E+07 , 0.000000E+00 , 0.000000E+00
  283 , 0.330810E+07 , 0.000000E+00 , 0.000000E+00
  284 , 0.332230E+07 , 0.000000E+00 , 0.000000E+00
  285 , 0.334089E+07 , 0.000000E+00 , 0.000000E+00
  286 , 0.335592E+07 , 0.000000E+00 , 0.000000E+00
  287 , 0.337560E+07 , 0.000000E+00 , 0.000000E+00
  288 , 0.339152E+07 , 0.000000E+00 , 0.000000E+00
  289 , 0.340440E+07 , 0.000000E+00 , 0.000000E+00
  290 , 0.342126E+07 , 0.000000E+00 , 0.000000E+00
  291 , 0.343812E+07 , 0.000000E+00 , 0.000000E+00
  292 , 0.346019E+07 , 0.000000E+00 , 0.000000E+00
  293 , 0.348226E+07 , 0.000000E+00 , 0.000000E+00
  294 , 0.350011E+07 , 0.000000E+00 , 0.000000E+00
  295 , 0.352348E+07 , 0.000000E+00 , 0.000000E+00
  296 , 0.355407E+07 , 0.000000E+00 , 0.000000E+00
  297 , 0.357882E+07 , 0.000000E+00 , 0.000000E+00
  298 , 0.361121E+07 , 0.000000E+00 , 0.000000E+00
  299 , 0.365361E+07 , 0.000000E+00 , 0.000000E+00
  300 , 0.369602E+07 , 0.000000E+00 , 0.000000E+00
  301 , 0.370912E+07 , 0.000000E+00 , 0.000000E+00
  302 , 0.372222E+07 , 0.000000E+00 , 0.000000E+00
  303 , 0.373937E+07 , 0.000000E+00 , 0.000000E+00
  304 , 0.376181E+07 , 0.000000E+00 , 0.000000E+00
  305 , 0.377997E+07 , 0.000000E+00 , 0.000000E+00
  306 , 0.379813E+07 , 0.000000E+00 , 0.000000E+00
  307 , 0.382190E+07 , 0.000000E+00 , 0.000000E+00
  308 , 0.384568E+07 , 0.000000E+00 , 0.000000E+00
  309 , 0.386490E+07 , 0.000000E+00 , 0.000000E+00
  310 , 0.388413E+07 , 0.000000E+00 , 0.000000E+00
  311 , 0.390931E+07 , 0.000000E+00 , 0.000000E+00
  312 , 0.393448E+07 , 0.000000E+00 , 0.000000E+00
  313 , 0.396743E+07 , 0.000000E+00 , 0.000000E+00
  314 , 0.399408E+07 , 0.000000E+00 , 0.000000E+00
  315 , 0.402897E+07 , 0.000000E+00 , 0.000000E+00
  316 , 0.405720E+07 , 0.000000E+00 , 0.000000E+00
  317 , 0.409415E+07 , 0.000000E+00 , 0.000000E+00
  318 , 0.412404E+07 , 0.000000E+00 , 0.000000E+00
  319 , 0.415393E+07 , 0.000000E+00 , 0.000000E+00
  320 , 0.419305E+07 , 0.000000E+00 , 0.000000E+00
  321 , 0.424427E+07 , 0.000000E+00 , 0.000000E+00
  322 , 0.426009E+07 , 0.000000E+00 , 0.000000E+00
  323 , 0.427591E+07 , 0.000000E+00 , 0.000000E+00
  324 , 0.429174E+07 , 0.000000E+00 , 0.000000E+00
  325 , 0.431245E+07 , 0.000000E+00 , 0.000000E+00
  326 , 0.432921E+07 , 0.000000E+00 , 0.000000E+00
  327 , 0.435114E+07 , 0.000000E+00 , 0.000000E+00
  328 , 0.436888E+07 , 0.000000E+00 , 0.000000E+00
  329 , 0.437566E+07 , 0.000000E+00 , 0.000000E+00
  330 , 0.438244E+07 , 0.000000E+00 , 0.000000E+00
  331 , 0.439131E+07 , 0.000000E+00 , 0.000000E+00
  332 , 0.439848E+07 , 0.000000E+00 , 0.000000E+00
  333 , 0.440787E+07 , 0.000000E+00 , 0.000000E+00
  334 , 0.442017E+07 , 0.000000E+00 , 0.000000E+00
  335 , 0.443627E+07 , 0.000000E+00 , 0.000000E+00
  336 , 0.444929E+07 , 0.000000E+00 , 0.000000E+00
  337 , 0.446633E+07 , 0.000000E+00 , 0.000000E+00
  338 , 0.448012E+07 , 0.000000E+00 , 0.000000E+00
  339 , 0.449391E+07 , 0.000000E+00 , 0.000000E+00
  340 , 0.450769E+07 , 0.000000E+00 , 0.000000E+00
  341 , 0.452148E+07 , 0.000000E+00 , 0.000000E+00
  342 , 0.453953E+07 , 0.000000E+00 , 0.000000E+00
  343 , 0.455413E+07 , 0.000000E+00 , 0.000000E+00
  344 , 0.457324E+07 , 0.000000E+00 , 0.000000E+00
  345 , 0.458505E+07 , 0.000000E+00 , 0.000000E+00
  346 , 0.459686E+07 , 0.000000E+00 , 0.000000E+00
  347 , 0.460868E+07 , 0.000000E+00 , 0.000000E+00
  348 , 0.462414E+07 , 0.000000E+00 , 0.000000E+00
  349 , 0.464437E+07 , 0.000000E+00 , 0.000000E+00
  350 , 0.467087E+07 , 0.000000E+00 , 0.000000E+00
  351 , 0.469736E+07 , 0.000000E+00 , 0.000000E+00
  352 , 0.473204E+07 , 0.000000E+00 , 0.000000E+00
  353 , 0.474528E+07 , 0.000000E+00 , 0.000000E+00
  354 , 0.475852E+07 , 0.000000E+00 , 0.000000E+00
  355 , 0.476924E+07 , 0.000000E+00 , 0.000000E+00
  356 , 0.478326E+07 , 0.000000E+00 , 0.000000E+00
  357 , 0.479729E+07 , 0.000000E+00 , 0.000000E+00
  358 , 0.481131E+07 , 0.000000E+00 , 0.000000E+00
  359 , 0.482534E+07 , 0.000000E+00 , 0.000000E+00
  360 , 0.484369E+07 , 0.000000E+00 , 0.000000E+00
  361 , 0.486773E+07 , 0.000000E+00 , 0.000000E+00
  362 , 0.487690E+07 , 0.000000E+00 , 0.000000E+00
  363 , 0.488608E+07 , 0.000000E+00 , 0.000000E+00
  364 , 0.489810E+07 , 0.000000E+00 , 0.000000E+00
  365 , 0.491011E+07 , 0.000000E+00 , 0.000000E+00
  366 , 0.492584E+07 , 0.000000E+00 , 0.000000E+00
  367 , 0.494642E+07 , 0.000000E+00 , 0.000000E+00
  368 , 0.496308E+07 , 0.000000E+00 , 0.000000E+00
  369 , 0.497973E+07 , 0.000000E+00 , 0.000000E+00
  370 , 0.499002E+07 , 0.000000E+00 , 0.000000E+00
  371 , 0.500349E+07 , 0.000000E+00 , 0.000000E+00
  372 , 0.501439E+07 , 0.000000E+00 , 0.000000E+00
  373 , 0.502866E+07 , 0.000000E+00 , 0.000000E+00
  374 , 0.504020E+07 , 0.000000E+00 , 0.000000E+00
  375 , 0.505530E+07 , 0.000000E+00 , 0.000000E+00
  376 , 0.507041E+07 , 0.000000E+00 , 0.000000E+00
  377 , 0.509018E+07 , 0.000000E+00 , 0.000000E+00
  378 , 0.510240E+07 , 0.000000E+00 , 0.000000E+00
  379 , 0.511462E+07 , 0.000000E+00 , 0.000000E+00
  380 , 0.513062E+07 , 0.000000E+00 , 0.000000E+00
  381 , 0.514662E+07 , 0.000000E+00 , 0.000000E+00
  382 , 0.516756E+07 , 0.000000E+00 , 0.000000E+00
  383 , 0.518450E+07 , 0.000000E+00 , 0.000000E+00
  384 , 0.520667E+07 , 0.000000E+00 , 0.000000E+00
  385 , 0.522461E+07 , 0.000000E+00 , 0.000000E+00
  386 , 0.524809E+07 , 0.000000E+00 , 0.000000E+00
  387 , 0.526708E+07 , 0.000000E+00 , 0.000000E+00
  388 , 0.529195E+07 , 0.000000E+00 , 0.000000E+00
  389 , 0.531206E+07 , 0.000000E+00 , 0.000000E+00
  390 , 0.532449E+07 , 0.000000E+00 , 0.000000E+00
  391 , 0.534076E+07 , 0.000000E+00 , 0.000000E+00
  392 , 0.535082E+07 , 0.000000E+00 , 0.000000E+00
  393 , 0.536398E+07 , 0.000000E+00 , 0.000000E+00
  394 , 0.538121E+07 , 0.000000E+00 , 0.000000E+00
  395 , 0.540377E+07 , 0.000000E+00 , 0.000000E+00
  396 , 0.543329E+07 , 0.000000E+00 , 0.000000E+00
  397 , 0.545154E+07 , 0.000000E+00 , 0.000000E+00
  398 , 0.547542E+07 , 0.000000E+00 , 0.000000E+00
  399 , 0.549474E+07 , 0.000000E+00 , 0.000000E+00
  400 , 0.551406E+07 , 0.000000E+00 , 0.000000E+00
  401 , 0.552969E+07 , 0.000000E+00 , 0.000000E+00
  402 , 0.555015E+07 , 0.000000E+00 , 0.000000E+00
  403 , 0.556670E+07 , 0.000000E+00 , 0.000000E+00
  404 , 0.558009E+07 , 0.000000E+00 , 0.000000E+00
  405 , 0.559092E+07 , 0.000000E+00 , 0.000000E+00
  406 , 0.559969E+07 , 0.000000E+00 , 0.000000E+00
  407 , 0.561116E+07 , 0.000000E+00 , 0.000000E+00
  408 , 0.562617E+07 , 0.000000E+00 , 0.000000E+00
  409 , 0.564582E+07 , 0.000000E+00 , 0.000000E+00
  410 , 0.567155E+07 , 0.000000E+00 , 0.000000E+00
  411 , 0.570522E+07 , 0.000000E+00 , 0.000000E+00
  412 , 0.571563E+07 , 0.000000E+00 , 0.000000E+00
  413 , 0.572925E+07 , 0.000000E+00 , 0.000000E+00
  414 , 0.574027E+07 , 0.000000E+00 , 0.000000E+00
  415 , 0.575128E+07 , 0.000000E+00 , 0.000000E+00
  416 , 0.576230E+07 , 0.000000E+00 , 0.000000E+00
  417 , 0.577672E+07 , 0.000000E+00 , 0.000000E+00
  418 , 0.579560E+07 , 0.000000E+00 , 0.000000E+00
  419 , 0.582031E+07 , 0.000000E+00 , 0.000000E+00
  420 , 0.584502E+07 , 0.000000E+00 , 0.000000E+00
  421 , 0.585738E+07 , 0.000000E+00 , 0.000000E+00
  422 , 0.587355E+07 , 0.000000E+00 , 0.000000E+00
  423 , 0.588663E+07 , 0.000000E+00 , 0.000000E+00
  424 , 0.590376E+07 , 0.000000E+00 , 0.000000E+00
  425 , 0.591434E+07 , 0.000000E+00 , 0.000000E+00
  426 , 0.592819E+07 , 0.000000E+00 , 0.000000E+00
  427 , 0.594633E+07 , 0.000000E+00 , 0.000000E+00
  428 , 0.596100E+07 , 0.000000E+00 , 0.000000E+00
  429 , 0.597567E+07 , 0.000000E+00 , 0.000000E+00
  430 , 0.599487E+07 , 0.000000E+00 , 0.000000E+00
  431 , 0.601407E+07 , 0.000000E+00 , 0.000000E+00
  432 , 0.602961E+07 , 0.000000E+00 , 0.000000E+00
  433 , 0.604217E+07 , 0.000000E+00 , 0.000000E+00
  434 , 0.605862E+07 , 0.000000E+00 , 0.000000E+00
  435 , 0.608016E+07 , 0.000000E+00 , 0.000000E+00
  436 , 0.609092E+07 , 0.000000E+00 , 0.000000E+00
  437 , 0.610501E+07 , 0.000000E+00 , 0.000000E+00
  438 , 0.612346E+07 , 0.000000E+00 , 0.000000E+00
  439 , 0.614190E+07 , 0.000000E+00 , 0.000000E+00
  440 , 0.616035E+07 , 0.000000E+00 , 0.000000E+00
  441 , 0.618449E+07 , 0.000000E+00 , 0.000000E+00
  442 , 0.620403E+07 , 0.000000E+00 , 0.000000E+00
  443 , 0.622356E+07 , 0.000000E+00 , 0.000000E+00
  444 , 0.624309E+07 , 0.000000E+00 , 0.000000E+00
  445 , 0.626262E+07 , 0.000000E+00 , 0.000000E+00
  446 , 0.628819E+07 , 0.000000E+00 , 0.000000E+00
  447 , 0.632166E+07 , 0.000000E+00 , 0.000000E+00
  448 , 0.634874E+07 , 0.000000E+00 , 0.000000E+00
  449 , 0.637581E+07 , 0.000000E+00 , 0.000000E+00
  450 , 0.638935E+07 , 0.000000E+00 , 0.000000E+00
  451 , 0.640707E+07 , 0.000000E+00 , 0.000000E+00
  452 , 0.643026E+07 , 0.000000E+00 , 0.000000E+00
  453 , 0.646062E+07 , 0.000000E+00 , 0.000000E+00
  454 , 0.649098E+07 , 0.000000E+00 , 0.000000E+00
  455 , 0.650257E+07 , 0.000000E+00 , 0.000000E+00
  456 , 0.651195E+07 , 0.000000E+00 , 0.000000E+00
  457 , 0.651954E+07 , 0.000000E+00 , 0.000000E+00
  458 , 0.652948E+07 , 0.000000E+00 , 0.000000E+00
  459 , 0.654248E+07 , 0.000000E+00 , 0.000000E+00
  460 , 0.655548E+07 , 0.000000E+00 , 0.000000E+00
  461 , 0.656600E+07 , 0.000000E+00 , 0.000000E+00
  462 , 0.657652E+07 , 0.000000E+00 , 0.000000E+00
  463 , 0.659028E+07 , 0.000000E+00 , 0.000000E+00
  464 , 0.660405E+07 , 0.000000E+00 , 0.000000E+00
  465 , 0.662208E+07 , 0.000000E+00 , 0.000000E+00
  466 , 0.664010E+07 , 0.000000E+00 , 0.000000E+00
  467 , 0.665812E+07 , 0.000000E+00 , 0.000000E+00
  468 , 0.668171E+07 , 0.000000E+00 , 0.000000E+00
  469 , 0.671259E+07 , 0.000000E+00 , 0.000000E+00
  470 , 0.675302E+07 , 0.000000E+00 , 0.000000E+00
  471 , 0.677323E+07 , 0.000000E+00 , 0.000000E+00
  472 , 0.678958E+07 , 0.000000E+00 , 0.000000E+00
  473 , 0.679775E+07 , 0.000000E+00 , 0.000000E+00
  474 , 0.680845E+07 , 0.000000E+00 , 0.000000E+00
  475 , 0.681915E+07 , 0.000000E+00 , 0.000000E+00
  476 , 0.682985E+07 , 0.000000E+00 , 0.000000E+00
  477 , 0.684055E+07 , 0.000000E+00 , 0.000000E+00
  478 , 0.685125E+07 , 0.000000E+00 , 0.000000E+00
  479 , 0.686195E+07 , 0.000000E+00 , 0.000000E+00
  480 , 0.687264E+07 , 0.000000E+00 , 0.000000E+00
  481 , 0.688334E+07 , 0.000000E+00 , 0.000000E+00
  482 , 0.689404E+07 , 0.000000E+00 , 0.000000E+00
  483 , 0.690805E+07 , 0.000000E+00 , 0.000000E+00
  484 , 0.692205E+07 , 0.000000E+00 , 0.000000E+00
  485 , 0.694038E+07 , 0.000000E+00 , 0.000000E+00
  486 , 0.695872E+07 , 0.000000E+00 , 0.000000E+00
  487 , 0.698271E+07 , 0.000000E+00 , 0.000000E+00
  488 , 0.700671E+07 , 0.000000E+00 , 0.000000E+00
  489 , 0.701588E+07 , 0.000000E+00 , 0.000000E+00
  490 , 0.702787E+07 , 0.000000E+00 , 0.000000E+00
  491 , 0.703758E+07 , 0.000000E+00 , 0.000000E+00
  492 , 0.705028E+07 , 0.000000E+00 , 0.000000E+00
  493 , 0.706299E+07 , 0.000000E+00 , 0.000000E+00
  494 , 0.707962E+07 , 0.000000E+00 , 0.000000E+00
  495 , 0.710139E+07 , 0.000000E+00 , 0.000000E+00
  496 , 0.712988E+07 , 0.000000E+00 , 0.000000E+00
  497 , 0.714413E+07 , 0.000000E+00 , 0.000000E+00
  498 , 0.716277E+07 , 0.000000E+00 , 0.000000E+00
  499 , 0.718142E+07 , 0.000000E+00 , 0.000000E+00
  500 , 0.719651E+07 , 0.000000E+00 , 0.000000E+00
  501 , 0.721159E+07 , 0.000000E+00 , 0.000000E+00
  502 , 0.722379E+07 , 0.000000E+00 , 0.000000E+00
  503 , 0.723977E+07 , 0.000000E+00 , 0.000000E+00
  504 , 0.725574E+07 , 0.000000E+00 , 0.000000E+00
  505 , 0.726867E+07 , 0.000000E+00 , 0.000000E+00
  506 , 0.728558E+07 , 0.000000E+00 , 0.000000E+00
  507 , 0.730772E+07 , 0.000000E+00 , 0.000000E+00
  508 , 0.732564E+07 , 0.000000E+00 , 0.000000E+00
  509 , 0.734908E+07 , 0.000000E+00 , 0.000000E+00
  510 , 0.737253E+07 , 0.000000E+00 , 0.000000E+00
  511 , 0.739598E+07 , 0.000000E+00 , 0.000000E+00
  512 , 0.742667E+07 , 0.000000E+00 , 0.000000E+00
  513 , 0.743615E+07 , 0.000000E+00 , 0.000000E+00
  514 , 0.744857E+07 , 0.000000E+00 , 0.000000E+00
  515 , 0.746098E+07 , 0.000000E+00 , 0.000000E+00
  516 , 0.747723E+07 , 0.000000E+00 , 0.000000E+00
  517 , 0.748727E+07 , 0.000000E+00 , 0.000000E+00
  518 , 0.750041E+07 , 0.000000E+00 , 0.000000E+00
  519 , 0.751356E+07 , 0.000000E+00 , 0.000000E+00
  520 , 0.752419E+07 , 0.000000E+00 , 0.000000E+00
  521 , 0.753811E+07 , 0.000000E+00 , 0.000000E+00
  522 , 0.755203E+07 , 0.000000E+00 , 0.000000E+00
  523 , 0.756595E+07 , 0.000000E+00 , 0.000000E+00
  524 , 0.757987E+07 , 0.000000E+00 , 0.000000E+00
  525 , 0.759113E+07 , 0.000000E+00 , 0.000000E+00
  526 , 0.760239E+07 , 0.000000E+00 , 0.000000E+00
  527 , 0.761713E+07 , 0.000000E+00 , 0.000000E+00
  528 , 0.762624E+07 , 0.000000E+00 , 0.000000E+00
  529 , 0.763816E+07 , 0.000000E+00 , 0.000000E+00
  530 , 0.765377E+07 , 0.000000E+00 , 0.000000E+00
  531 , 0.766157E+07 , 0.000000E+00 , 0.000000E+00
  532 , 0.767179E+07 , 0.000000E+00 , 0.000000E+00
  533 , 0.768516E+07 , 0.000000E+00 , 0.000000E+00
  534 , 0.769597E+07 , 0.000000E+00 , 0.000000E+00
  535 , 0.771013E+07 , 0.000000E+00 , 0.000000E+00
  536 , 0.772866E+07 , 0.000000E+00 , 0.000000E+00
  537 , 0.774720E+07 , 0.000000E+00 , 0.000000E+00
  538 , 0.776573E+07 , 0.000000E+00 , 0.000000E+00
  539 , 0.778426E+07 , 0.000000E+00 , 0.000000E+00
  540 , 0.779572E+07 , 0.000000E+00 , 0.000000E+00
  541 , 0.780717E+07 , 0.000000E+00 , 0.000000E+00
  542 , 0.781862E+07 , 0.000000E+00 , 0.000000E+00
  543 , 0.783362E+07 , 0.000000E+00 , 0.000000E+00
  544 , 0.784861E+07 , 0.000000E+00 , 0.000000E+00
  545 , 0.785788E+07 , 0.000000E+00 , 0.000000E+00
  546 , 0.786537E+07 , 0.000000E+00 , 0.000000E+00
  547 , 0.787518E+07 , 0.000000E+00 , 0.000000E+00
  548 , 0.788803E+07 , 0.000000E+00 , 0.000000E+00
  549 , 0.789842E+07 , 0.000000E+00 , 0.000000E+00
  550 , 0.791202E+07 , 0.000000E+00 , 0.000000E+00
  551 , 0.792302E+07 , 0.000000E+00 , 0.000000E+00
  552 , 0.793742E+07 , 0.000000E+00 , 0.000000E+00
  553 , 0.795182E+07 , 0.000000E+00 , 0.000000E+00
  554 , 0.797067E+07 , 0.000000E+00 , 0.000000E+00
  555 , 0.798952E+07 , 0.000000E+00 , 0.000000E+00
  556 , 0.800838E+07 , 0.000000E+00 , 0.000000E+00
  557 , 0.802723E+07 , 0.000000E+00 , 0.000000E+00
  558 , 0.803665E+07 , 0.000000E+00 , 0.000000E+00
  559 , 0.804428E+07 , 0.000000E+00 , 0.000000E+00
  560 , 0.805426E+07 , 0.000000E+00 , 0.000000E+00
  561 , 0.806732E+07 , 0.000000E+00 , 0.000000E+00
  562 , 0.808038E+07 , 0.000000E+00 , 0.000000E+00
  563 , 0.809095E+07 , 0.000000E+00 , 0.000000E+00
  564 , 0.810479E+07 , 0.000000E+00 , 0.000000E+00
  565 , 0.812289E+07 , 0.000000E+00 , 0.000000E+00
  566 , 0.814100E+07 , 0.000000E+00 , 0.000000E+00
  567 , 0.816471E+07 , 0.000000E+00 , 0.000000E+00
  568 , 0.817656E+07 , 0.000000E+00 , 0.000000E+00
  569 , 0.818388E+07 , 0.000000E+00 , 0.000000E+00
  570 , 0.819120E+07 , 0.000000E+00 , 0.000000E+00
  571 , 0.820079E+07 , 0.000000E+00 , 0.000000E+00
  572 , 0.821038E+07 , 0.000000E+00 , 0.000000E+00
  573 , 0.822293E+07 , 0.000000E+00 , 0.000000E+00
  574 , 0.823935E+07 , 0.000000E+00 , 0.000000E+00
  575 , 0.825264E+07 , 0.000000E+00 , 0.000000E+00
  576 , 0.826085E+07 , 0.000000E+00 , 0.000000E+00
  577 , 0.827160E+07 , 0.000000E+00 , 0.000000E+00
  578 , 0.828235E+07 , 0.000000E+00 , 0.000000E+00
  579 , 0.829643E+07 , 0.000000E+00 , 0.000000E+00
  580 , 0.831485E+07 , 0.000000E+00 , 0.000000E+00
  581 , 0.833326E+07 , 0.000000E+00 , 0.000000E+00
  582 , 0.835168E+07 , 0.000000E+00 , 0.000000E+00
  583 , 0.837580E+07 , 0.000000E+00 , 0.000000E+00
  584 , 0.838785E+07 , 0.000000E+00 , 0.000000E+00
  585 , 0.840363E+07 , 0.000000E+00 , 0.000000E+00
  586 , 0.842428E+07 , 0.000000E+00 , 0.000000E+00
  587 , 0.844494E+07 , 0.000000E+00 , 0.000000E+00
  588 , 0.845770E+07 , 0.000000E+00 , 0.000000E+00
  589 , 0.847441E+07 , 0.000000E+00 , 0.000000E+00
  590 , 0.849628E+07 , 0.000000E+00 , 0.000000E+00
  591 , 0.850722E+07 , 0.000000E+00 , 0.000000E+00
  592 , 0.852153E+07 , 0.000000E+00 , 0.000000E+00
  593 , 0.853584E+07 , 0.000000E+00 , 0.000000E+00
  594 , 0.855016E+07 , 0.000000E+00 , 0.000000E+00
  595 , 0.856174E+07 , 0.000000E+00 , 0.000000E+00
  596 , 0.857689E+07 , 0.000000E+00 , 0.000000E+00
  597 , 0.859205E+07 , 0.000000E+00 , 0.000000E+00
  598 , 0.860431E+07 , 0.000000E+00 , 0.000000E+00
  599 , 0.862036E+07 , 0.000000E+00 , 0.000000E+00
  600 , 0.864000E+07 , 0.000000E+00 , 0.000000E+00
