INCON -- INITIAL CONDITIONS FOR   69 ELEMENTS AT TIME  0.864000E+07
*bA 1           0.10000000E+01 3
 0.4142512070761E+06 0.0000000000000E+00 0.1000000000000E+01-0.5645540037960E+01
1AA 1           0.10000000E+01 3
 0.4163258781140E+06 0.0000000000000E+00 0.1000000000000E+01 0.5624980866882E+01
1BA 1           0.10000000E+01 3
 0.4203215062952E+06 0.0000000000000E+00 0.1000000000000E+01 0.6874999998537E+01
1CA 1           0.10000000E+01 3
 0.4243370295253E+06 0.0000000000000E+00 0.1000000000000E+01 0.8124999998553E+01
1DA 1           0.10000000E+01 3
 0.4283724394963E+06 0.0000000000000E+00 0.1000000000000E+01 0.9374999998549E+01
1EA 1           0.10000000E+01 3
 0.4324277171140E+06 0.0000000000000E+00 0.1000000000000E+01 0.1062499999854E+02
1FA 1           0.10000000E+01 3
 0.4365028310901E+06 0.0000000000000E+00 0.1000000000000E+01 0.1187499999854E+02
1GA 1           0.10000000E+01 3
 0.4405977633975E+06 0.0000000000000E+00 0.1000000000000E+01 0.1312499999854E+02
1HA 1           0.10000000E+01 3
 0.4447125070901E+06 0.0000000000000E+00 0.1000000000000E+01 0.1437499999853E+02
1IA 1           0.10000000E+01 3
 0.4488470475341E+06 0.0000000000000E+00 0.1000000000000E+01 0.1562499999853E+02
1JA 1           0.10000000E+01 3
 0.4530013596885E+06 0.0000000000000E+00 0.1000000000000E+01 0.1687499999853E+02
1KA 1           0.10000000E+01 3
 0.4571754300991E+06 0.0000000000000E+00 0.1000000000000E+01 0.1812499999852E+02
1LA 1           0.10000000E+01 3
 0.4613692481279E+06 0.0000000000000E+00 0.1000000000000E+01 0.1937499999852E+02
1MA 1           0.10000000E+01 3
 0.4655827971326E+06 0.0000000000000E+00 0.1000000000000E+01 0.2062499999852E+02
1NA 1           0.10000000E+01 3
 0.4698160603099E+06 0.0000000000000E+00 0.1000000000000E+01 0.2187499999851E+02
1OA 1           0.10000000E+01 3
 0.4740690234656E+06 0.0000000000000E+00 0.1000000000000E+01 0.2312499999851E+02
1PA 1           0.10000000E+01 3
 0.4783416880095E+06 0.0000000000000E+00 0.1000000000000E+01 0.2437499999850E+02
1QA 1           0.10000000E+01 3
 0.4826340382767E+06 0.0000000000000E+00 0.1000000000000E+01 0.2562499999850E+02
1RA 1           0.10000000E+01 3
 0.4869460527589E+06 0.0000000000000E+00 0.1000000000000E+01 0.2687499999850E+02
1SA 1           0.10000000E+01 3
 0.4912777210477E+06 0.0000000000000E+00 0.1000000000000E+01 0.2812499999849E+02
1TA 1           0.10000000E+01 3
 0.4956290443721E+06 0.0000000000000E+00 0.1000000000000E+01 0.2937499999842E+02
02A 1           0.10000000E+01 3
 0.5000000160562E+06 0.0000000000000E+00 0.1000000000000E+01 0.3062499838914E+02
02A50           0.30000000E+00 3
 0.5000000160491E+06 0.0000000000000E+00 0.1000000000000E+01 0.3062499846016E+02
02A51           0.30000000E+00 3
 0.5000000160373E+06 0.0000000000000E+00 0.1000000000000E+01 0.3062499857767E+02
02A52           0.30000000E+00 3
 0.5000000160269E+06 0.0000000000000E+00 0.1000000000000E+01 0.3062499868227E+02
02A53           0.30000000E+00 3
 0.5000000160177E+06 0.0000000000000E+00 0.1000000000000E+01 0.3062499877364E+02
02A54           0.30000000E+00 3
 0.5000000160095E+06 0.0000000000000E+00 0.1000000000000E+01 0.3062499885633E+02
02A55           0.30000000E+00 3
 0.5000000160018E+06 0.0000000000000E+00 0.1000000000000E+01 0.3062499893299E+02
02A56           0.30000000E+00 3
 0.5000000159946E+06 0.0000000000000E+00 0.1000000000000E+01 0.3062499900539E+02
02A57           0.30000000E+00 3
 0.5000000159877E+06 0.0000000000000E+00 0.1000000000000E+01 0.3062499907464E+02
02A58           0.30000000E+00 3
 0.5000000159811E+06 0.0000000000000E+00 0.1000000000000E+01 0.3062499914162E+02
02A59           0.30000000E+00 3
 0.5000000159747E+06 0.0000000000000E+00 0.1000000000000E+01 0.3062499920701E+02
02A60           0.30000000E+00 3
 0.5000000159684E+06 0.0000000000000E+00 0.1000000000000E+01 0.3062499927139E+02
02A61           0.30000000E+00 3
 0.5000000159622E+06 0.0000000000000E+00 0.1000000000000E+01 0.3062499933528E+02
02A62           0.30000000E+00 3
 0.5000000159561E+06 0.0000000000000E+00 0.1000000000000E+01 0.3062499939923E+02
02A63           0.30000000E+00 3
 0.5000000159501E+06 0.0000000000000E+00 0.1000000000000E+01 0.3062499946376E+02
02A64           0.30000000E+00 3
 0.5000000159441E+06 0.0000000000000E+00 0.1000000000000E+01 0.3062499952944E+02
02A65           0.30000000E+00 3
 0.5000000159381E+06 0.0000000000000E+00 0.1000000000000E+01 0.3062499959670E+02
02A66           0.30000000E+00 3
 0.5000000159320E+06 0.0000000000000E+00 0.1000000000000E+01 0.3062499966571E+02
02A67           0.30000000E+00 3
 0.5000000159260E+06 0.0000000000000E+00 0.1000000000000E+01 0.3062499973592E+02
02A68           0.30000000E+00 3
 0.5000000159197E+06 0.0000000000000E+00 0.1000000000000E+01 0.3062499980552E+02
02A69           0.30000000E+00 3
 0.5000000159133E+06 0.0000000000000E+00 0.1000000000000E+01 0.3062499987091E+02
02A70           0.30000000E+00 3
 0.5000000159067E+06 0.0000000000000E+00 0.1000000000000E+01 0.3062499992662E+02
02A71           0.30000000E+00 3
 0.5000000158996E+06 0.0000000000000E+00 0.1000000000000E+01 0.3062499996711E+02
02A72           0.30000000E+00 3
 0.5000000158918E+06 0.0000000000000E+00 0.1000000000000E+01 0.3062499999025E+02
02A73           0.30000000E+00 3
 0.5000000158832E+06 0.0000000000000E+00 0.1000000000000E+01 0.3062499999974E+02
02A74           0.30000000E+00 3
 0.5000000158733E+06 0.0000000000000E+00 0.1000000000000E+01 0.3062500000233E+02
02A75           0.30000000E+00 3
 0.5000000158614E+06 0.0000000000000E+00 0.1000000000000E+01 0.3062500000277E+02
02A76           0.30000000E+00 3
 0.5000000158469E+06 0.0000000000000E+00 0.1000000000000E+01 0.3062500000282E+02
02A77           0.30000000E+00 3
 0.5000000158283E+06 0.0000000000000E+00 0.1000000000000E+01 0.3062500000282E+02
02A78           0.30000000E+00 3
 0.5000000158041E+06 0.0000000000000E+00 0.1000000000000E+01 0.3062500000282E+02
02A79           0.30000000E+00 3
 0.5000000157718E+06 0.0000000000000E+00 0.1000000000000E+01 0.3062500000281E+02
02A80           0.30000000E+00 3
 0.5000000157277E+06 0.0000000000000E+00 0.1000000000000E+01 0.3062500000280E+02
02A81           0.30000000E+00 3
 0.5000000156669E+06 0.0000000000000E+00 0.1000000000000E+01 0.3062500000279E+02
02A82           0.30000000E+00 3
 0.5000000155820E+06 0.0000000000000E+00 0.1000000000000E+01 0.3062500000278E+02
02A83           0.30000000E+00 3
 0.5000000154629E+06 0.0000000000000E+00 0.1000000000000E+01 0.3062500000276E+02
02A84           0.30000000E+00 3
 0.5000000152974E+06 0.0000000000000E+00 0.1000000000000E+01 0.3062500000273E+02
02A85           0.30000000E+00 3
 0.5000000150678E+06 0.0000000000000E+00 0.1000000000000E+01 0.3062500000269E+02
02A86           0.30000000E+00 3
 0.5000000147461E+06 0.0000000000000E+00 0.1000000000000E+01 0.3062500000263E+02
02A87           0.30000000E+00 3
 0.5000000142975E+06 0.0000000000000E+00 0.1000000000000E+01 0.3062500000255E+02
02A88           0.30000000E+00 3
 0.5000000136772E+06 0.0000000000000E+00 0.1000000000000E+01 0.3062500000244E+02
02A89           0.30000000E+00 3
 0.5000000128317E+06 0.0000000000000E+00 0.1000000000000E+01 0.3062500000229E+02
02A90           0.30000000E+00 3
 0.5000000117030E+06 0.0000000000000E+00 0.1000000000000E+01 0.3062500000209E+02
02A91           0.30000000E+00 3
 0.5000000102412E+06 0.0000000000000E+00 0.1000000000000E+01 0.3062500000183E+02
02A92           0.30000000E+00 3
 0.5000000084299E+06 0.0000000000000E+00 0.1000000000000E+01 0.3062500000150E+02
02A93           0.30000000E+00 3
 0.5000000063214E+06 0.0000000000000E+00 0.1000000000000E+01 0.3062500000113E+02
02A94           0.30000000E+00 3
 0.5000000040599E+06 0.0000000000000E+00 0.1000000000000E+01 0.3062500000072E+02
02A95           0.30000000E+00 3
 0.5000000018546E+06 0.0000000000000E+00 0.1000000000000E+01 0.3062500000033E+02
02A96           0.30000000E+00 3
 0.5000000000000E+06 0.0000000000000E+00 0.1000000000000E+01 0.3062500000000E+02
+++  
  599 4190    6 0.00000000E+00 0.86400000E+07
 -1.461540168759193E-008  0.000000000000000E+000  1.051508020500430E-002
   8.46234592163585      -1.727109931800879E-009
 -1.458883535815726E-008  6.429119439240197E-036  1.139226283341399E-002
   8.14885522237594      -1.790292619029206E-009
 -1.466351965766457E-008  6.373618613492274E-037  1.138580859061735E-002
   8.18943003712300      -1.790542148988914E-009
 -1.463011579333459E-008  4.768706772921553E-037  1.137947345974513E-002
   8.22998790831738      -1.777659451789610E-009
 -1.460312231459706E-008 -2.757775126150483E-036  1.137324705634272E-002
   8.27050683761711      -1.765686505230495E-009
 -1.462294908319420E-008 -1.941618450357958E-036  1.136716930183691E-002
   8.31096195632303      -1.759477321643733E-009
 -1.467985977314280E-008  3.490467825093553E-037  1.136120082315904E-002
   8.35138031003187      -1.757776466664919E-009
 -1.463700355490867E-008 -1.251521924682790E-036  1.135528739923746E-002
   8.39178449750024      -1.744206319796316E-009
 -1.455481288314351E-008 -3.364177521106632E-036  1.134948678887750E-002
   8.43215884005154      -1.726107531799598E-009
 -1.472703553004762E-008  2.282824729421265E-036  1.134381457975976E-002
   8.47248211281104      -1.738219725218329E-009
 -1.455185712023612E-008 -3.170753465499393E-036  1.133821178670397E-002
   8.51277794666838      -1.709413450157154E-009
 -1.476168034792359E-008  4.350131571171939E-036  1.133268260638050E-002
   8.55305208486945      -1.725896229959520E-009
 -1.457393388704840E-008 -1.801027793606251E-036  1.132723352773436E-002
   8.59329228217135      -1.695966273285640E-009
 -1.468556151123444E-008 -3.807717415791543E-037  1.132185590330847E-002
   8.63349821003880      -1.700997805751377E-009
 -1.458703477295594E-008 -1.968728581013071E-036  1.131657510400757E-002
   8.67367518965809      -1.681759398870337E-009
 -1.467430852544415E-008  7.977070452572127E-037  1.131132431379591E-002
   8.71385504424019      -1.684020270126458E-009
 -1.463165692604839E-008 -1.120537289158979E-036  1.130615287912311E-002
   8.75400295162276      -1.671424719286399E-009
 -1.460484653006801E-008 -2.339820511781765E-036  1.130107511598075E-002
   8.79410699353094      -1.660753791239011E-009
 -1.465584479700174E-008 -1.160219043390047E-036  1.129604186690051E-002
   8.83418980853515      -1.658991386266345E-009
 -1.466447498080267E-008 -2.346054439578897E-037  9.566900906747501E-003
   8.87427512990212      -1.652470175438927E-009
 -3.152383590142996E-008 -1.367915304110915E-033  5.217838190514021E-002
   8.91434683617635      -3.536303498255128E-009
   5.00000000000000     
   5.62500000000000     
   6.87500000000000     
   8.12500000000000     
   9.37500000000000     
   10.6250000000000     
   11.8750000000000     
   13.1250000000000     
   14.3750000000000     
   15.6250000000000     
   16.8750000000000     
   18.1250000000000     
   19.3750000000000     
   20.6250000000000     
   21.8750000000000     
   23.1250000000000     
   24.3750000000000     
   25.6250000000000     
   26.8750000000000     
   28.1250000000000     
   29.3750000000000     
   30.6250000000000     
