    1 , 0.200000E+01 , 0.000000E+00 , 0.000000E+00
    2 , 0.461800E+01 , 0.000000E+00 , 0.000000E+00
    3 , 0.804496E+01 , 0.000000E+00 , 0.000000E+00
    4 , 0.125309E+02 , 0.000000E+00 , 0.000000E+00
    5 , 0.184029E+02 , 0.000000E+00 , 0.000000E+00
    6 , 0.260894E+02 , 0.000000E+00 , 0.000000E+00
    7 , 0.361510E+02 , 0.000000E+00 , 0.000000E+00
    8 , 0.493217E+02 , 0.000000E+00 , 0.000000E+00
    9 , 0.665621E+02 , 0.000000E+00 , 0.000000E+00
   10 , 0.865621E+02 , 0.000000E+00 , 0.000000E+00
   11 , 0.106562E+03 , 0.000000E+00 , 0.000000E+00
   12 , 0.126562E+03 , 0.000000E+00 , 0.000000E+00
   13 , 0.146562E+03 , 0.000000E+00 , 0.000000E+00
   14 , 0.166562E+03 , 0.000000E+00 , 0.000000E+00
   15 , 0.186562E+03 , 0.000000E+00 , 0.000000E+00
   16 , 0.206562E+03 , 0.000000E+00 , 0.000000E+00
   17 , 0.226562E+03 , 0.000000E+00 , 0.000000E+00
   18 , 0.246562E+03 , 0.000000E+00 , 0.000000E+00
   19 , 0.266562E+03 , 0.000000E+00 , 0.000000E+00
   20 , 0.286562E+03 , 0.000000E+00 , 0.000000E+00
   21 , 0.298922E+03 , 0.000000E+00 , 0.000000E+00
   22 , 0.311282E+03 , 0.000000E+00 , 0.000000E+00
   23 , 0.323642E+03 , 0.000000E+00 , 0.000000E+00
   24 , 0.328363E+03 , 0.000000E+00 , 0.000000E+00
   25 , 0.333083E+03 , 0.000000E+00 , 0.000000E+00
   26 , 0.337804E+03 , 0.000000E+00 , 0.000000E+00
   27 , 0.343983E+03 , 0.000000E+00 , 0.000000E+00
   28 , 0.350162E+03 , 0.000000E+00 , 0.000000E+00
   29 , 0.358251E+03 , 0.000000E+00 , 0.000000E+00
   30 , 0.368839E+03 , 0.000000E+00 , 0.000000E+00
   31 , 0.382699E+03 , 0.000000E+00 , 0.000000E+00
   32 , 0.400841E+03 , 0.000000E+00 , 0.000000E+00
   33 , 0.420841E+03 , 0.000000E+00 , 0.000000E+00
   34 , 0.440841E+03 , 0.000000E+00 , 0.000000E+00
   35 , 0.460841E+03 , 0.000000E+00 , 0.000000E+00
   36 , 0.480841E+03 , 0.000000E+00 , 0.000000E+00
   37 , 0.500841E+03 , 0.000000E+00 , 0.000000E+00
   38 , 0.520841E+03 , 0.000000E+00 , 0.000000E+00
   39 , 0.540841E+03 , 0.000000E+00 , 0.000000E+00
   40 , 0.560841E+03 , 0.000000E+00 , 0.000000E+00
   41 , 0.580841E+03 , 0.000000E+00 , 0.000000E+00
   42 , 0.600841E+03 , 0.000000E+00 , 0.000000E+00
   43 , 0.620841E+03 , 0.000000E+00 , 0.000000E+00
   44 , 0.640841E+03 , 0.000000E+00 , 0.000000E+00
   45 , 0.660841E+03 , 0.000000E+00 , 0.000000E+00
   46 , 0.680841E+03 , 0.000000E+00 , 0.000000E+00
   47 , 0.700841E+03 , 0.000000E+00 , 0.000000E+00
   48 , 0.720841E+03 , 0.000000E+00 , 0.000000E+00
   49 , 0.740841E+03 , 0.000000E+00 , 0.000000E+00
   50 , 0.760841E+03 , 0.000000E+00 , 0.000000E+00
   51 , 0.780841E+03 , 0.000000E+00 , 0.000000E+00
   52 , 0.800841E+03 , 0.000000E+00 , 0.000000E+00
   53 , 0.820841E+03 , 0.000000E+00 , 0.000000E+00
   54 , 0.840841E+03 , 0.000000E+00 , 0.000000E+00
   55 , 0.860841E+03 , 0.000000E+00 , 0.000000E+00
   56 , 0.880841E+03 , 0.000000E+00 , 0.000000E+00
   57 , 0.900841E+03 , 0.000000E+00 , 0.000000E+00
   58 , 0.920841E+03 , 0.000000E+00 , 0.000000E+00
   59 , 0.940841E+03 , 0.000000E+00 , 0.000000E+00
   60 , 0.960841E+03 , 0.000000E+00 , 0.000000E+00
   61 , 0.980841E+03 , 0.000000E+00 , 0.000000E+00
   62 , 0.100084E+04 , 0.000000E+00 , 0.000000E+00
   63 , 0.102084E+04 , 0.000000E+00 , 0.000000E+00
   64 , 0.104084E+04 , 0.000000E+00 , 0.000000E+00
   65 , 0.106084E+04 , 0.000000E+00 , 0.000000E+00
   66 , 0.108084E+04 , 0.000000E+00 , 0.000000E+00
   67 , 0.110084E+04 , 0.000000E+00 , 0.000000E+00
   68 , 0.112084E+04 , 0.000000E+00 , 0.000000E+00
   69 , 0.114084E+04 , 0.000000E+00 , 0.000000E+00
   70 , 0.116084E+04 , 0.000000E+00 , 0.000000E+00
   71 , 0.118084E+04 , 0.000000E+00 , 0.000000E+00
   72 , 0.120084E+04 , 0.000000E+00 , 0.000000E+00
   73 , 0.122084E+04 , 0.000000E+00 , 0.000000E+00
   74 , 0.124084E+04 , 0.000000E+00 , 0.000000E+00
   75 , 0.126084E+04 , 0.000000E+00 , 0.000000E+00
   76 , 0.128084E+04 , 0.000000E+00 , 0.000000E+00
   77 , 0.130084E+04 , 0.000000E+00 , 0.000000E+00
   78 , 0.132084E+04 , 0.000000E+00 , 0.000000E+00
   79 , 0.134084E+04 , 0.000000E+00 , 0.000000E+00
   80 , 0.136084E+04 , 0.000000E+00 , 0.000000E+00
   81 , 0.138084E+04 , 0.000000E+00 , 0.000000E+00
   82 , 0.140084E+04 , 0.000000E+00 , 0.000000E+00
   83 , 0.142084E+04 , 0.000000E+00 , 0.000000E+00
   84 , 0.144084E+04 , 0.000000E+00 , 0.000000E+00
   85 , 0.146084E+04 , 0.000000E+00 , 0.000000E+00
   86 , 0.148084E+04 , 0.000000E+00 , 0.000000E+00
   87 , 0.150084E+04 , 0.000000E+00 , 0.000000E+00
   88 , 0.152084E+04 , 0.000000E+00 , 0.000000E+00
   89 , 0.154084E+04 , 0.000000E+00 , 0.000000E+00
   90 , 0.156084E+04 , 0.000000E+00 , 0.000000E+00
   91 , 0.158084E+04 , 0.000000E+00 , 0.000000E+00
   92 , 0.160084E+04 , 0.000000E+00 , 0.000000E+00
   93 , 0.162084E+04 , 0.000000E+00 , 0.000000E+00
   94 , 0.164084E+04 , 0.000000E+00 , 0.000000E+00
   95 , 0.166084E+04 , 0.000000E+00 , 0.000000E+00
   96 , 0.168084E+04 , 0.000000E+00 , 0.000000E+00
   97 , 0.170084E+04 , 0.000000E+00 , 0.000000E+00
   98 , 0.172084E+04 , 0.000000E+00 , 0.000000E+00
   99 , 0.174084E+04 , 0.000000E+00 , 0.000000E+00
  100 , 0.176084E+04 , 0.000000E+00 , 0.000000E+00
  101 , 0.178084E+04 , 0.000000E+00 , 0.000000E+00
  102 , 0.180084E+04 , 0.000000E+00 , 0.000000E+00
  103 , 0.182084E+04 , 0.000000E+00 , 0.000000E+00
  104 , 0.184084E+04 , 0.000000E+00 , 0.000000E+00
  105 , 0.186084E+04 , 0.000000E+00 , 0.000000E+00
  106 , 0.188084E+04 , 0.000000E+00 , 0.000000E+00
  107 , 0.190084E+04 , 0.000000E+00 , 0.000000E+00
  108 , 0.192084E+04 , 0.000000E+00 , 0.000000E+00
  109 , 0.194084E+04 , 0.000000E+00 , 0.000000E+00
  110 , 0.196084E+04 , 0.000000E+00 , 0.000000E+00
  111 , 0.198084E+04 , 0.000000E+00 , 0.000000E+00
  112 , 0.200084E+04 , 0.000000E+00 , 0.000000E+00
  113 , 0.202084E+04 , 0.000000E+00 , 0.000000E+00
  114 , 0.204084E+04 , 0.000000E+00 , 0.000000E+00
  115 , 0.206084E+04 , 0.000000E+00 , 0.000000E+00
  116 , 0.208084E+04 , 0.000000E+00 , 0.000000E+00
  117 , 0.210084E+04 , 0.000000E+00 , 0.000000E+00
  118 , 0.212084E+04 , 0.000000E+00 , 0.000000E+00
  119 , 0.214084E+04 , 0.000000E+00 , 0.000000E+00
  120 , 0.216084E+04 , 0.000000E+00 , 0.000000E+00
  121 , 0.218084E+04 , 0.000000E+00 , 0.000000E+00
  122 , 0.220084E+04 , 0.000000E+00 , 0.000000E+00
  123 , 0.222084E+04 , 0.000000E+00 , 0.000000E+00
  124 , 0.224084E+04 , 0.000000E+00 , 0.000000E+00
  125 , 0.226084E+04 , 0.000000E+00 , 0.000000E+00
  126 , 0.228084E+04 , 0.000000E+00 , 0.000000E+00
  127 , 0.230084E+04 , 0.000000E+00 , 0.000000E+00
  128 , 0.232084E+04 , 0.000000E+00 , 0.000000E+00
  129 , 0.234084E+04 , 0.000000E+00 , 0.000000E+00
  130 , 0.236084E+04 , 0.000000E+00 , 0.000000E+00
  131 , 0.238084E+04 , 0.000000E+00 , 0.000000E+00
  132 , 0.240084E+04 , 0.000000E+00 , 0.000000E+00
  133 , 0.242084E+04 , 0.000000E+00 , 0.000000E+00
  134 , 0.244084E+04 , 0.000000E+00 , 0.000000E+00
  135 , 0.246084E+04 , 0.000000E+00 , 0.000000E+00
  136 , 0.248084E+04 , 0.000000E+00 , 0.000000E+00
  137 , 0.250084E+04 , 0.000000E+00 , 0.000000E+00
  138 , 0.252084E+04 , 0.000000E+00 , 0.000000E+00
  139 , 0.254084E+04 , 0.000000E+00 , 0.000000E+00
  140 , 0.256084E+04 , 0.000000E+00 , 0.000000E+00
  141 , 0.258084E+04 , 0.000000E+00 , 0.000000E+00
  142 , 0.260084E+04 , 0.000000E+00 , 0.000000E+00
  143 , 0.262084E+04 , 0.000000E+00 , 0.000000E+00
  144 , 0.264084E+04 , 0.000000E+00 , 0.000000E+00
  145 , 0.266084E+04 , 0.000000E+00 , 0.000000E+00
  146 , 0.268084E+04 , 0.000000E+00 , 0.000000E+00
  147 , 0.270084E+04 , 0.000000E+00 , 0.000000E+00
  148 , 0.272084E+04 , 0.000000E+00 , 0.000000E+00
  149 , 0.274084E+04 , 0.000000E+00 , 0.000000E+00
  150 , 0.276084E+04 , 0.000000E+00 , 0.000000E+00
  151 , 0.278084E+04 , 0.000000E+00 , 0.000000E+00
  152 , 0.280084E+04 , 0.000000E+00 , 0.000000E+00
  153 , 0.282084E+04 , 0.000000E+00 , 0.000000E+00
  154 , 0.284084E+04 , 0.000000E+00 , 0.000000E+00
  155 , 0.286084E+04 , 0.000000E+00 , 0.000000E+00
  156 , 0.288084E+04 , 0.000000E+00 , 0.000000E+00
  157 , 0.290084E+04 , 0.000000E+00 , 0.000000E+00
  158 , 0.292084E+04 , 0.000000E+00 , 0.000000E+00
  159 , 0.294084E+04 , 0.000000E+00 , 0.000000E+00
  160 , 0.296084E+04 , 0.000000E+00 , 0.000000E+00
  161 , 0.298084E+04 , 0.000000E+00 , 0.000000E+00
  162 , 0.300084E+04 , 0.000000E+00 , 0.000000E+00
  163 , 0.302084E+04 , 0.000000E+00 , 0.000000E+00
  164 , 0.304084E+04 , 0.000000E+00 , 0.000000E+00
  165 , 0.306084E+04 , 0.000000E+00 , 0.000000E+00
  166 , 0.308084E+04 , 0.000000E+00 , 0.000000E+00
  167 , 0.310084E+04 , 0.000000E+00 , 0.000000E+00
  168 , 0.312084E+04 , 0.000000E+00 , 0.000000E+00
  169 , 0.314084E+04 , 0.000000E+00 , 0.000000E+00
  170 , 0.316084E+04 , 0.000000E+00 , 0.000000E+00
  171 , 0.318084E+04 , 0.000000E+00 , 0.000000E+00
  172 , 0.320084E+04 , 0.000000E+00 , 0.000000E+00
  173 , 0.322084E+04 , 0.000000E+00 , 0.000000E+00
  174 , 0.324084E+04 , 0.000000E+00 , 0.000000E+00
  175 , 0.326084E+04 , 0.000000E+00 , 0.000000E+00
  176 , 0.328084E+04 , 0.000000E+00 , 0.000000E+00
  177 , 0.330084E+04 , 0.000000E+00 , 0.000000E+00
  178 , 0.332084E+04 , 0.000000E+00 , 0.000000E+00
  179 , 0.334084E+04 , 0.000000E+00 , 0.000000E+00
  180 , 0.336084E+04 , 0.000000E+00 , 0.000000E+00
  181 , 0.338084E+04 , 0.000000E+00 , 0.000000E+00
  182 , 0.340084E+04 , 0.000000E+00 , 0.000000E+00
  183 , 0.342084E+04 , 0.000000E+00 , 0.000000E+00
  184 , 0.344084E+04 , 0.000000E+00 , 0.000000E+00
  185 , 0.346084E+04 , 0.000000E+00 , 0.000000E+00
  186 , 0.348084E+04 , 0.000000E+00 , 0.000000E+00
  187 , 0.350084E+04 , 0.000000E+00 , 0.000000E+00
  188 , 0.352084E+04 , 0.000000E+00 , 0.000000E+00
  189 , 0.354084E+04 , 0.000000E+00 , 0.000000E+00
  190 , 0.356084E+04 , 0.000000E+00 , 0.000000E+00
  191 , 0.358084E+04 , 0.000000E+00 , 0.000000E+00
  192 , 0.360084E+04 , 0.000000E+00 , 0.000000E+00
  193 , 0.362084E+04 , 0.000000E+00 , 0.000000E+00
  194 , 0.364084E+04 , 0.000000E+00 , 0.000000E+00
  195 , 0.366084E+04 , 0.000000E+00 , 0.000000E+00
  196 , 0.368084E+04 , 0.000000E+00 , 0.000000E+00
  197 , 0.370084E+04 , 0.000000E+00 , 0.000000E+00
  198 , 0.372084E+04 , 0.000000E+00 , 0.000000E+00
  199 , 0.374084E+04 , 0.000000E+00 , 0.000000E+00
  200 , 0.376084E+04 , 0.000000E+00 , 0.000000E+00
  201 , 0.378084E+04 , 0.000000E+00 , 0.000000E+00
  202 , 0.380084E+04 , 0.000000E+00 , 0.000000E+00
  203 , 0.382084E+04 , 0.000000E+00 , 0.000000E+00
  204 , 0.384084E+04 , 0.000000E+00 , 0.000000E+00
  205 , 0.386084E+04 , 0.000000E+00 , 0.000000E+00
  206 , 0.388084E+04 , 0.000000E+00 , 0.000000E+00
  207 , 0.390084E+04 , 0.000000E+00 , 0.000000E+00
  208 , 0.392084E+04 , 0.000000E+00 , 0.000000E+00
  209 , 0.394084E+04 , 0.000000E+00 , 0.000000E+00
  210 , 0.396084E+04 , 0.000000E+00 , 0.000000E+00
  211 , 0.398084E+04 , 0.000000E+00 , 0.000000E+00
  212 , 0.400084E+04 , 0.000000E+00 , 0.000000E+00
  213 , 0.402084E+04 , 0.000000E+00 , 0.000000E+00
  214 , 0.404084E+04 , 0.000000E+00 , 0.000000E+00
  215 , 0.406084E+04 , 0.000000E+00 , 0.000000E+00
  216 , 0.408084E+04 , 0.000000E+00 , 0.000000E+00
  217 , 0.410084E+04 , 0.000000E+00 , 0.000000E+00
  218 , 0.412084E+04 , 0.000000E+00 , 0.000000E+00
  219 , 0.414084E+04 , 0.000000E+00 , 0.000000E+00
  220 , 0.416084E+04 , 0.000000E+00 , 0.000000E+00
  221 , 0.418084E+04 , 0.000000E+00 , 0.000000E+00
  222 , 0.420084E+04 , 0.000000E+00 , 0.000000E+00
  223 , 0.422084E+04 , 0.000000E+00 , 0.000000E+00
  224 , 0.424084E+04 , 0.000000E+00 , 0.000000E+00
  225 , 0.426084E+04 , 0.000000E+00 , 0.000000E+00
  226 , 0.428084E+04 , 0.000000E+00 , 0.000000E+00
  227 , 0.430084E+04 , 0.000000E+00 , 0.000000E+00
  228 , 0.432084E+04 , 0.000000E+00 , 0.000000E+00
  229 , 0.434084E+04 , 0.000000E+00 , 0.000000E+00
  230 , 0.436084E+04 , 0.000000E+00 , 0.000000E+00
  231 , 0.438084E+04 , 0.000000E+00 , 0.000000E+00
  232 , 0.440084E+04 , 0.000000E+00 , 0.000000E+00
  233 , 0.442084E+04 , 0.000000E+00 , 0.000000E+00
  234 , 0.444084E+04 , 0.000000E+00 , 0.000000E+00
  235 , 0.446084E+04 , 0.000000E+00 , 0.000000E+00
  236 , 0.448084E+04 , 0.000000E+00 , 0.000000E+00
  237 , 0.450084E+04 , 0.000000E+00 , 0.000000E+00
  238 , 0.452084E+04 , 0.000000E+00 , 0.000000E+00
  239 , 0.454084E+04 , 0.000000E+00 , 0.000000E+00
  240 , 0.456084E+04 , 0.000000E+00 , 0.000000E+00
  241 , 0.458084E+04 , 0.000000E+00 , 0.000000E+00
  242 , 0.460084E+04 , 0.000000E+00 , 0.000000E+00
  243 , 0.462084E+04 , 0.000000E+00 , 0.000000E+00
  244 , 0.464084E+04 , 0.000000E+00 , 0.000000E+00
  245 , 0.466084E+04 , 0.000000E+00 , 0.000000E+00
  246 , 0.468084E+04 , 0.000000E+00 , 0.000000E+00
  247 , 0.470084E+04 , 0.000000E+00 , 0.000000E+00
  248 , 0.472084E+04 , 0.000000E+00 , 0.000000E+00
  249 , 0.474084E+04 , 0.000000E+00 , 0.000000E+00
  250 , 0.476084E+04 , 0.000000E+00 , 0.000000E+00
  251 , 0.478084E+04 , 0.000000E+00 , 0.000000E+00
  252 , 0.480084E+04 , 0.000000E+00 , 0.000000E+00
  253 , 0.482084E+04 , 0.000000E+00 , 0.000000E+00
  254 , 0.484084E+04 , 0.000000E+00 , 0.000000E+00
  255 , 0.486084E+04 , 0.000000E+00 , 0.000000E+00
  256 , 0.488084E+04 , 0.000000E+00 , 0.000000E+00
  257 , 0.490084E+04 , 0.000000E+00 , 0.000000E+00
  258 , 0.492084E+04 , 0.000000E+00 , 0.000000E+00
  259 , 0.494084E+04 , 0.000000E+00 , 0.000000E+00
  260 , 0.496084E+04 , 0.000000E+00 , 0.000000E+00
  261 , 0.498084E+04 , 0.000000E+00 , 0.000000E+00
  262 , 0.500084E+04 , 0.000000E+00 , 0.000000E+00
  263 , 0.502084E+04 , 0.000000E+00 , 0.000000E+00
  264 , 0.504084E+04 , 0.000000E+00 , 0.000000E+00
  265 , 0.506084E+04 , 0.000000E+00 , 0.000000E+00
  266 , 0.508084E+04 , 0.000000E+00 , 0.000000E+00
  267 , 0.510084E+04 , 0.000000E+00 , 0.000000E+00
  268 , 0.512084E+04 , 0.000000E+00 , 0.000000E+00
  269 , 0.514084E+04 , 0.000000E+00 , 0.000000E+00
  270 , 0.516084E+04 , 0.000000E+00 , 0.000000E+00
  271 , 0.518084E+04 , 0.000000E+00 , 0.000000E+00
  272 , 0.520084E+04 , 0.000000E+00 , 0.000000E+00
  273 , 0.522084E+04 , 0.000000E+00 , 0.000000E+00
  274 , 0.524084E+04 , 0.000000E+00 , 0.000000E+00
  275 , 0.526084E+04 , 0.000000E+00 , 0.000000E+00
  276 , 0.528084E+04 , 0.000000E+00 , 0.000000E+00
  277 , 0.530084E+04 , 0.000000E+00 , 0.000000E+00
  278 , 0.532084E+04 , 0.000000E+00 , 0.000000E+00
  279 , 0.534084E+04 , 0.000000E+00 , 0.000000E+00
  280 , 0.536084E+04 , 0.000000E+00 , 0.000000E+00
  281 , 0.538084E+04 , 0.000000E+00 , 0.000000E+00
  282 , 0.540084E+04 , 0.000000E+00 , 0.000000E+00
  283 , 0.542084E+04 , 0.000000E+00 , 0.000000E+00
  284 , 0.544084E+04 , 0.000000E+00 , 0.000000E+00
  285 , 0.546084E+04 , 0.000000E+00 , 0.000000E+00
  286 , 0.548084E+04 , 0.000000E+00 , 0.000000E+00
  287 , 0.550084E+04 , 0.000000E+00 , 0.000000E+00
  288 , 0.552084E+04 , 0.000000E+00 , 0.000000E+00
  289 , 0.554084E+04 , 0.000000E+00 , 0.000000E+00
  290 , 0.556084E+04 , 0.000000E+00 , 0.000000E+00
  291 , 0.558084E+04 , 0.000000E+00 , 0.000000E+00
  292 , 0.560084E+04 , 0.000000E+00 , 0.000000E+00
  293 , 0.562084E+04 , 0.000000E+00 , 0.000000E+00
  294 , 0.564084E+04 , 0.000000E+00 , 0.000000E+00
  295 , 0.566084E+04 , 0.000000E+00 , 0.000000E+00
  296 , 0.568084E+04 , 0.000000E+00 , 0.000000E+00
  297 , 0.570084E+04 , 0.000000E+00 , 0.000000E+00
  298 , 0.572084E+04 , 0.000000E+00 , 0.000000E+00
  299 , 0.574084E+04 , 0.000000E+00 , 0.000000E+00
  300 , 0.576084E+04 , 0.000000E+00 , 0.000000E+00
  301 , 0.578084E+04 , 0.000000E+00 , 0.000000E+00
  302 , 0.580084E+04 , 0.000000E+00 , 0.000000E+00
  303 , 0.582084E+04 , 0.000000E+00 , 0.000000E+00
  304 , 0.584084E+04 , 0.000000E+00 , 0.000000E+00
  305 , 0.586084E+04 , 0.000000E+00 , 0.000000E+00
  306 , 0.588084E+04 , 0.000000E+00 , 0.000000E+00
  307 , 0.590084E+04 , 0.000000E+00 , 0.000000E+00
  308 , 0.592084E+04 , 0.000000E+00 , 0.000000E+00
  309 , 0.594084E+04 , 0.000000E+00 , 0.000000E+00
  310 , 0.596084E+04 , 0.000000E+00 , 0.000000E+00
  311 , 0.598084E+04 , 0.000000E+00 , 0.000000E+00
  312 , 0.600084E+04 , 0.000000E+00 , 0.000000E+00
  313 , 0.602084E+04 , 0.000000E+00 , 0.000000E+00
  314 , 0.604084E+04 , 0.000000E+00 , 0.000000E+00
  315 , 0.606084E+04 , 0.000000E+00 , 0.000000E+00
  316 , 0.608084E+04 , 0.000000E+00 , 0.000000E+00
  317 , 0.610084E+04 , 0.000000E+00 , 0.000000E+00
  318 , 0.612084E+04 , 0.000000E+00 , 0.000000E+00
  319 , 0.614084E+04 , 0.000000E+00 , 0.000000E+00
  320 , 0.616084E+04 , 0.000000E+00 , 0.000000E+00
  321 , 0.618084E+04 , 0.000000E+00 , 0.000000E+00
  322 , 0.620084E+04 , 0.000000E+00 , 0.000000E+00
  323 , 0.622084E+04 , 0.000000E+00 , 0.000000E+00
  324 , 0.624084E+04 , 0.000000E+00 , 0.000000E+00
  325 , 0.626084E+04 , 0.000000E+00 , 0.000000E+00
  326 , 0.628084E+04 , 0.000000E+00 , 0.000000E+00
  327 , 0.630084E+04 , 0.000000E+00 , 0.000000E+00
  328 , 0.632084E+04 , 0.000000E+00 , 0.000000E+00
  329 , 0.634084E+04 , 0.000000E+00 , 0.000000E+00
  330 , 0.636084E+04 , 0.000000E+00 , 0.000000E+00
  331 , 0.638084E+04 , 0.000000E+00 , 0.000000E+00
  332 , 0.640084E+04 , 0.000000E+00 , 0.000000E+00
  333 , 0.642084E+04 , 0.000000E+00 , 0.000000E+00
  334 , 0.644084E+04 , 0.000000E+00 , 0.000000E+00
  335 , 0.646084E+04 , 0.000000E+00 , 0.000000E+00
  336 , 0.648084E+04 , 0.000000E+00 , 0.000000E+00
  337 , 0.650084E+04 , 0.000000E+00 , 0.000000E+00
  338 , 0.652084E+04 , 0.000000E+00 , 0.000000E+00
  339 , 0.654084E+04 , 0.000000E+00 , 0.000000E+00
  340 , 0.656084E+04 , 0.000000E+00 , 0.000000E+00
  341 , 0.658084E+04 , 0.000000E+00 , 0.000000E+00
  342 , 0.660084E+04 , 0.000000E+00 , 0.000000E+00
  343 , 0.662084E+04 , 0.000000E+00 , 0.000000E+00
  344 , 0.664084E+04 , 0.000000E+00 , 0.000000E+00
  345 , 0.666084E+04 , 0.000000E+00 , 0.000000E+00
  346 , 0.668084E+04 , 0.000000E+00 , 0.000000E+00
  347 , 0.670084E+04 , 0.000000E+00 , 0.000000E+00
  348 , 0.672084E+04 , 0.000000E+00 , 0.000000E+00
  349 , 0.674084E+04 , 0.000000E+00 , 0.000000E+00
  350 , 0.676084E+04 , 0.000000E+00 , 0.000000E+00
  351 , 0.678084E+04 , 0.000000E+00 , 0.000000E+00
  352 , 0.680084E+04 , 0.000000E+00 , 0.000000E+00
  353 , 0.682084E+04 , 0.000000E+00 , 0.000000E+00
  354 , 0.684084E+04 , 0.000000E+00 , 0.000000E+00
  355 , 0.686084E+04 , 0.000000E+00 , 0.000000E+00
  356 , 0.688084E+04 , 0.000000E+00 , 0.000000E+00
  357 , 0.690084E+04 , 0.000000E+00 , 0.000000E+00
  358 , 0.692084E+04 , 0.000000E+00 , 0.000000E+00
  359 , 0.694084E+04 , 0.000000E+00 , 0.000000E+00
  360 , 0.696084E+04 , 0.000000E+00 , 0.000000E+00
  361 , 0.698084E+04 , 0.000000E+00 , 0.000000E+00
  362 , 0.700084E+04 , 0.000000E+00 , 0.000000E+00
  363 , 0.702084E+04 , 0.000000E+00 , 0.000000E+00
  364 , 0.704084E+04 , 0.000000E+00 , 0.000000E+00
  365 , 0.706084E+04 , 0.000000E+00 , 0.000000E+00
  366 , 0.708084E+04 , 0.000000E+00 , 0.000000E+00
  367 , 0.710084E+04 , 0.000000E+00 , 0.000000E+00
  368 , 0.712084E+04 , 0.000000E+00 , 0.000000E+00
  369 , 0.714084E+04 , 0.000000E+00 , 0.000000E+00
  370 , 0.716084E+04 , 0.000000E+00 , 0.000000E+00
  371 , 0.718084E+04 , 0.000000E+00 , 0.000000E+00
  372 , 0.720084E+04 , 0.000000E+00 , 0.000000E+00
  373 , 0.722084E+04 , 0.000000E+00 , 0.000000E+00
  374 , 0.724084E+04 , 0.000000E+00 , 0.000000E+00
  375 , 0.726084E+04 , 0.000000E+00 , 0.000000E+00
  376 , 0.728084E+04 , 0.000000E+00 , 0.000000E+00
  377 , 0.730084E+04 , 0.000000E+00 , 0.000000E+00
  378 , 0.732084E+04 , 0.000000E+00 , 0.000000E+00
  379 , 0.734084E+04 , 0.000000E+00 , 0.000000E+00
  380 , 0.736084E+04 , 0.000000E+00 , 0.000000E+00
  381 , 0.738084E+04 , 0.000000E+00 , 0.000000E+00
  382 , 0.740084E+04 , 0.000000E+00 , 0.000000E+00
  383 , 0.742084E+04 , 0.000000E+00 , 0.000000E+00
  384 , 0.744084E+04 , 0.000000E+00 , 0.000000E+00
  385 , 0.746084E+04 , 0.000000E+00 , 0.000000E+00
  386 , 0.748084E+04 , 0.000000E+00 , 0.000000E+00
  387 , 0.750084E+04 , 0.000000E+00 , 0.000000E+00
  388 , 0.752084E+04 , 0.000000E+00 , 0.000000E+00
  389 , 0.754084E+04 , 0.000000E+00 , 0.000000E+00
  390 , 0.756084E+04 , 0.000000E+00 , 0.000000E+00
  391 , 0.758084E+04 , 0.000000E+00 , 0.000000E+00
  392 , 0.760084E+04 , 0.000000E+00 , 0.000000E+00
  393 , 0.762084E+04 , 0.000000E+00 , 0.000000E+00
  394 , 0.764084E+04 , 0.000000E+00 , 0.000000E+00
  395 , 0.766084E+04 , 0.000000E+00 , 0.000000E+00
  396 , 0.768084E+04 , 0.000000E+00 , 0.000000E+00
  397 , 0.770084E+04 , 0.000000E+00 , 0.000000E+00
  398 , 0.772084E+04 , 0.000000E+00 , 0.000000E+00
  399 , 0.774084E+04 , 0.000000E+00 , 0.000000E+00
  400 , 0.776084E+04 , 0.000000E+00 , 0.000000E+00
  401 , 0.778084E+04 , 0.000000E+00 , 0.000000E+00
  402 , 0.780084E+04 , 0.000000E+00 , 0.000000E+00
  403 , 0.782084E+04 , 0.000000E+00 , 0.000000E+00
  404 , 0.784084E+04 , 0.000000E+00 , 0.000000E+00
  405 , 0.786084E+04 , 0.000000E+00 , 0.000000E+00
  406 , 0.788084E+04 , 0.000000E+00 , 0.000000E+00
  407 , 0.790084E+04 , 0.000000E+00 , 0.000000E+00
  408 , 0.792084E+04 , 0.000000E+00 , 0.000000E+00
  409 , 0.794084E+04 , 0.000000E+00 , 0.000000E+00
  410 , 0.796084E+04 , 0.000000E+00 , 0.000000E+00
  411 , 0.798084E+04 , 0.000000E+00 , 0.000000E+00
  412 , 0.800084E+04 , 0.000000E+00 , 0.000000E+00
  413 , 0.802084E+04 , 0.000000E+00 , 0.000000E+00
  414 , 0.804084E+04 , 0.000000E+00 , 0.000000E+00
  415 , 0.806084E+04 , 0.000000E+00 , 0.000000E+00
  416 , 0.808084E+04 , 0.000000E+00 , 0.000000E+00
  417 , 0.810084E+04 , 0.000000E+00 , 0.000000E+00
  418 , 0.812084E+04 , 0.000000E+00 , 0.000000E+00
  419 , 0.814084E+04 , 0.000000E+00 , 0.000000E+00
  420 , 0.816084E+04 , 0.000000E+00 , 0.000000E+00
  421 , 0.818084E+04 , 0.000000E+00 , 0.000000E+00
  422 , 0.820084E+04 , 0.000000E+00 , 0.000000E+00
  423 , 0.822084E+04 , 0.000000E+00 , 0.000000E+00
  424 , 0.824084E+04 , 0.000000E+00 , 0.000000E+00
  425 , 0.826084E+04 , 0.000000E+00 , 0.000000E+00
  426 , 0.828084E+04 , 0.000000E+00 , 0.000000E+00
  427 , 0.830084E+04 , 0.000000E+00 , 0.000000E+00
  428 , 0.832084E+04 , 0.000000E+00 , 0.000000E+00
  429 , 0.834084E+04 , 0.000000E+00 , 0.000000E+00
  430 , 0.836084E+04 , 0.000000E+00 , 0.000000E+00
  431 , 0.838084E+04 , 0.000000E+00 , 0.000000E+00
  432 , 0.840084E+04 , 0.000000E+00 , 0.000000E+00
  433 , 0.842084E+04 , 0.000000E+00 , 0.000000E+00
  434 , 0.844084E+04 , 0.000000E+00 , 0.000000E+00
  435 , 0.846084E+04 , 0.000000E+00 , 0.000000E+00
  436 , 0.848084E+04 , 0.000000E+00 , 0.000000E+00
  437 , 0.850084E+04 , 0.000000E+00 , 0.000000E+00
  438 , 0.852084E+04 , 0.000000E+00 , 0.000000E+00
  439 , 0.854084E+04 , 0.000000E+00 , 0.000000E+00
  440 , 0.856084E+04 , 0.000000E+00 , 0.000000E+00
  441 , 0.858084E+04 , 0.000000E+00 , 0.000000E+00
  442 , 0.860084E+04 , 0.000000E+00 , 0.000000E+00
  443 , 0.862084E+04 , 0.000000E+00 , 0.000000E+00
  444 , 0.864084E+04 , 0.000000E+00 , 0.000000E+00
  445 , 0.866084E+04 , 0.000000E+00 , 0.000000E+00
  446 , 0.868084E+04 , 0.000000E+00 , 0.000000E+00
  447 , 0.870084E+04 , 0.000000E+00 , 0.000000E+00
  448 , 0.872084E+04 , 0.000000E+00 , 0.000000E+00
  449 , 0.874084E+04 , 0.000000E+00 , 0.000000E+00
  450 , 0.876084E+04 , 0.000000E+00 , 0.000000E+00
  451 , 0.878084E+04 , 0.000000E+00 , 0.000000E+00
  452 , 0.880084E+04 , 0.000000E+00 , 0.000000E+00
  453 , 0.882084E+04 , 0.000000E+00 , 0.000000E+00
  454 , 0.884084E+04 , 0.000000E+00 , 0.000000E+00
  455 , 0.886084E+04 , 0.000000E+00 , 0.000000E+00
  456 , 0.888084E+04 , 0.000000E+00 , 0.000000E+00
  457 , 0.890084E+04 , 0.000000E+00 , 0.000000E+00
  458 , 0.892084E+04 , 0.000000E+00 , 0.000000E+00
  459 , 0.894084E+04 , 0.000000E+00 , 0.000000E+00
  460 , 0.896084E+04 , 0.000000E+00 , 0.000000E+00
  461 , 0.898084E+04 , 0.000000E+00 , 0.000000E+00
  462 , 0.900084E+04 , 0.000000E+00 , 0.000000E+00
  463 , 0.902084E+04 , 0.000000E+00 , 0.000000E+00
  464 , 0.904084E+04 , 0.000000E+00 , 0.000000E+00
  465 , 0.906084E+04 , 0.000000E+00 , 0.000000E+00
  466 , 0.908084E+04 , 0.000000E+00 , 0.000000E+00
  467 , 0.910084E+04 , 0.000000E+00 , 0.000000E+00
  468 , 0.912084E+04 , 0.000000E+00 , 0.000000E+00
  469 , 0.914084E+04 , 0.000000E+00 , 0.000000E+00
  470 , 0.916084E+04 , 0.000000E+00 , 0.000000E+00
  471 , 0.918084E+04 , 0.000000E+00 , 0.000000E+00
  472 , 0.920084E+04 , 0.000000E+00 , 0.000000E+00
  473 , 0.922084E+04 , 0.000000E+00 , 0.000000E+00
  474 , 0.924084E+04 , 0.000000E+00 , 0.000000E+00
  475 , 0.926084E+04 , 0.000000E+00 , 0.000000E+00
  476 , 0.928084E+04 , 0.000000E+00 , 0.000000E+00
  477 , 0.930084E+04 , 0.000000E+00 , 0.000000E+00
  478 , 0.932084E+04 , 0.000000E+00 , 0.000000E+00
  479 , 0.934084E+04 , 0.000000E+00 , 0.000000E+00
  480 , 0.936084E+04 , 0.000000E+00 , 0.000000E+00
  481 , 0.938084E+04 , 0.000000E+00 , 0.000000E+00
  482 , 0.940084E+04 , 0.000000E+00 , 0.000000E+00
  483 , 0.942084E+04 , 0.000000E+00 , 0.000000E+00
  484 , 0.944084E+04 , 0.000000E+00 , 0.000000E+00
  485 , 0.946084E+04 , 0.000000E+00 , 0.000000E+00
  486 , 0.948084E+04 , 0.000000E+00 , 0.000000E+00
  487 , 0.950084E+04 , 0.000000E+00 , 0.000000E+00
  488 , 0.952084E+04 , 0.000000E+00 , 0.000000E+00
  489 , 0.954084E+04 , 0.000000E+00 , 0.000000E+00
  490 , 0.956084E+04 , 0.000000E+00 , 0.000000E+00
  491 , 0.958084E+04 , 0.000000E+00 , 0.000000E+00
  492 , 0.960084E+04 , 0.000000E+00 , 0.000000E+00
  493 , 0.962084E+04 , 0.000000E+00 , 0.000000E+00
  494 , 0.964084E+04 , 0.000000E+00 , 0.000000E+00
  495 , 0.966084E+04 , 0.000000E+00 , 0.000000E+00
  496 , 0.968084E+04 , 0.000000E+00 , 0.000000E+00
  497 , 0.970084E+04 , 0.000000E+00 , 0.000000E+00
  498 , 0.972084E+04 , 0.000000E+00 , 0.000000E+00
  499 , 0.974084E+04 , 0.000000E+00 , 0.000000E+00
  500 , 0.976084E+04 , 0.000000E+00 , 0.000000E+00
  501 , 0.978084E+04 , 0.000000E+00 , 0.000000E+00
  502 , 0.980084E+04 , 0.000000E+00 , 0.000000E+00
  503 , 0.982084E+04 , 0.000000E+00 , 0.000000E+00
  504 , 0.984084E+04 , 0.000000E+00 , 0.000000E+00
  505 , 0.986084E+04 , 0.000000E+00 , 0.000000E+00
  506 , 0.988084E+04 , 0.000000E+00 , 0.000000E+00
  507 , 0.990084E+04 , 0.000000E+00 , 0.000000E+00
  508 , 0.992084E+04 , 0.000000E+00 , 0.000000E+00
  509 , 0.994084E+04 , 0.000000E+00 , 0.000000E+00
  510 , 0.996084E+04 , 0.000000E+00 , 0.000000E+00
  511 , 0.998084E+04 , 0.000000E+00 , 0.000000E+00
  512 , 0.100008E+05 , 0.000000E+00 , 0.000000E+00
  513 , 0.100208E+05 , 0.000000E+00 , 0.000000E+00
  514 , 0.100408E+05 , 0.000000E+00 , 0.000000E+00
  515 , 0.100608E+05 , 0.000000E+00 , 0.000000E+00
  516 , 0.100808E+05 , 0.000000E+00 , 0.000000E+00
  517 , 0.101008E+05 , 0.000000E+00 , 0.000000E+00
  518 , 0.101208E+05 , 0.000000E+00 , 0.000000E+00
  519 , 0.101408E+05 , 0.000000E+00 , 0.000000E+00
  520 , 0.101608E+05 , 0.000000E+00 , 0.000000E+00
  521 , 0.101808E+05 , 0.000000E+00 , 0.000000E+00
  522 , 0.102008E+05 , 0.000000E+00 , 0.000000E+00
  523 , 0.102208E+05 , 0.000000E+00 , 0.000000E+00
  524 , 0.102408E+05 , 0.000000E+00 , 0.000000E+00
  525 , 0.102608E+05 , 0.000000E+00 , 0.000000E+00
  526 , 0.102808E+05 , 0.000000E+00 , 0.000000E+00
  527 , 0.103008E+05 , 0.000000E+00 , 0.000000E+00
  528 , 0.103208E+05 , 0.000000E+00 , 0.000000E+00
  529 , 0.103408E+05 , 0.000000E+00 , 0.000000E+00
  530 , 0.103608E+05 , 0.000000E+00 , 0.000000E+00
  531 , 0.103808E+05 , 0.000000E+00 , 0.000000E+00
  532 , 0.104008E+05 , 0.000000E+00 , 0.000000E+00
  533 , 0.104208E+05 , 0.000000E+00 , 0.000000E+00
  534 , 0.104408E+05 , 0.000000E+00 , 0.000000E+00
  535 , 0.104608E+05 , 0.000000E+00 , 0.000000E+00
  536 , 0.104808E+05 , 0.000000E+00 , 0.000000E+00
  537 , 0.105008E+05 , 0.000000E+00 , 0.000000E+00
  538 , 0.105208E+05 , 0.000000E+00 , 0.000000E+00
  539 , 0.105408E+05 , 0.000000E+00 , 0.000000E+00
  540 , 0.105608E+05 , 0.000000E+00 , 0.000000E+00
  541 , 0.105808E+05 , 0.000000E+00 , 0.000000E+00
  542 , 0.106008E+05 , 0.000000E+00 , 0.000000E+00
  543 , 0.106208E+05 , 0.000000E+00 , 0.000000E+00
  544 , 0.106408E+05 , 0.000000E+00 , 0.000000E+00
  545 , 0.106608E+05 , 0.000000E+00 , 0.000000E+00
  546 , 0.106808E+05 , 0.000000E+00 , 0.000000E+00
  547 , 0.107008E+05 , 0.000000E+00 , 0.000000E+00
  548 , 0.107208E+05 , 0.000000E+00 , 0.000000E+00
  549 , 0.107408E+05 , 0.000000E+00 , 0.000000E+00
  550 , 0.107608E+05 , 0.000000E+00 , 0.000000E+00
  551 , 0.107808E+05 , 0.000000E+00 , 0.000000E+00
  552 , 0.108008E+05 , 0.000000E+00 , 0.000000E+00
  553 , 0.108208E+05 , 0.000000E+00 , 0.000000E+00
  554 , 0.108408E+05 , 0.000000E+00 , 0.000000E+00
  555 , 0.108608E+05 , 0.000000E+00 , 0.000000E+00
  556 , 0.108808E+05 , 0.000000E+00 , 0.000000E+00
  557 , 0.109008E+05 , 0.000000E+00 , 0.000000E+00
  558 , 0.109208E+05 , 0.000000E+00 , 0.000000E+00
  559 , 0.109408E+05 , 0.000000E+00 , 0.000000E+00
  560 , 0.109608E+05 , 0.000000E+00 , 0.000000E+00
  561 , 0.109808E+05 , 0.000000E+00 , 0.000000E+00
  562 , 0.110008E+05 , 0.000000E+00 , 0.000000E+00
  563 , 0.110208E+05 , 0.000000E+00 , 0.000000E+00
  564 , 0.110408E+05 , 0.000000E+00 , 0.000000E+00
  565 , 0.110608E+05 , 0.000000E+00 , 0.000000E+00
  566 , 0.110808E+05 , 0.000000E+00 , 0.000000E+00
  567 , 0.111008E+05 , 0.000000E+00 , 0.000000E+00
  568 , 0.111208E+05 , 0.000000E+00 , 0.000000E+00
  569 , 0.111408E+05 , 0.000000E+00 , 0.000000E+00
  570 , 0.111608E+05 , 0.000000E+00 , 0.000000E+00
  571 , 0.111808E+05 , 0.000000E+00 , 0.000000E+00
  572 , 0.112008E+05 , 0.000000E+00 , 0.000000E+00
  573 , 0.112208E+05 , 0.000000E+00 , 0.000000E+00
  574 , 0.112408E+05 , 0.000000E+00 , 0.000000E+00
  575 , 0.112608E+05 , 0.000000E+00 , 0.000000E+00
  576 , 0.112808E+05 , 0.000000E+00 , 0.000000E+00
  577 , 0.113008E+05 , 0.000000E+00 , 0.000000E+00
  578 , 0.113208E+05 , 0.000000E+00 , 0.000000E+00
  579 , 0.113408E+05 , 0.000000E+00 , 0.000000E+00
  580 , 0.113608E+05 , 0.000000E+00 , 0.000000E+00
  581 , 0.113808E+05 , 0.000000E+00 , 0.000000E+00
  582 , 0.114008E+05 , 0.000000E+00 , 0.000000E+00
  583 , 0.114208E+05 , 0.000000E+00 , 0.000000E+00
  584 , 0.114408E+05 , 0.000000E+00 , 0.000000E+00
  585 , 0.114608E+05 , 0.000000E+00 , 0.000000E+00
  586 , 0.114808E+05 , 0.000000E+00 , 0.000000E+00
  587 , 0.115008E+05 , 0.000000E+00 , 0.000000E+00
  588 , 0.115208E+05 , 0.000000E+00 , 0.000000E+00
  589 , 0.115408E+05 , 0.000000E+00 , 0.000000E+00
  590 , 0.115608E+05 , 0.000000E+00 , 0.000000E+00
  591 , 0.115808E+05 , 0.000000E+00 , 0.000000E+00
  592 , 0.116008E+05 , 0.000000E+00 , 0.000000E+00
  593 , 0.116208E+05 , 0.000000E+00 , 0.000000E+00
  594 , 0.116408E+05 , 0.000000E+00 , 0.000000E+00
  595 , 0.116608E+05 , 0.000000E+00 , 0.000000E+00
  596 , 0.116808E+05 , 0.000000E+00 , 0.000000E+00
  597 , 0.117008E+05 , 0.000000E+00 , 0.000000E+00
  598 , 0.117208E+05 , 0.000000E+00 , 0.000000E+00
  599 , 0.117408E+05 , 0.000000E+00 , 0.000000E+00
  600 , 0.117608E+05 , 0.000000E+00 , 0.000000E+00
  601 , 0.117808E+05 , 0.000000E+00 , 0.000000E+00
  602 , 0.118008E+05 , 0.000000E+00 , 0.000000E+00
  603 , 0.118208E+05 , 0.000000E+00 , 0.000000E+00
  604 , 0.118408E+05 , 0.000000E+00 , 0.000000E+00
  605 , 0.118608E+05 , 0.000000E+00 , 0.000000E+00
  606 , 0.118808E+05 , 0.000000E+00 , 0.000000E+00
  607 , 0.119008E+05 , 0.000000E+00 , 0.000000E+00
  608 , 0.119208E+05 , 0.000000E+00 , 0.000000E+00
  609 , 0.119408E+05 , 0.000000E+00 , 0.000000E+00
  610 , 0.119608E+05 , 0.000000E+00 , 0.000000E+00
  611 , 0.119808E+05 , 0.000000E+00 , 0.000000E+00
  612 , 0.120008E+05 , 0.000000E+00 , 0.000000E+00
  613 , 0.120208E+05 , 0.000000E+00 , 0.000000E+00
  614 , 0.120408E+05 , 0.000000E+00 , 0.000000E+00
  615 , 0.120608E+05 , 0.000000E+00 , 0.000000E+00
  616 , 0.120808E+05 , 0.000000E+00 , 0.000000E+00
  617 , 0.121008E+05 , 0.000000E+00 , 0.000000E+00
  618 , 0.121208E+05 , 0.000000E+00 , 0.000000E+00
  619 , 0.121408E+05 , 0.000000E+00 , 0.000000E+00
  620 , 0.121608E+05 , 0.000000E+00 , 0.000000E+00
  621 , 0.121808E+05 , 0.000000E+00 , 0.000000E+00
  622 , 0.122008E+05 , 0.000000E+00 , 0.000000E+00
  623 , 0.122208E+05 , 0.000000E+00 , 0.000000E+00
  624 , 0.122408E+05 , 0.000000E+00 , 0.000000E+00
  625 , 0.122608E+05 , 0.000000E+00 , 0.000000E+00
  626 , 0.122808E+05 , 0.000000E+00 , 0.000000E+00
  627 , 0.123008E+05 , 0.000000E+00 , 0.000000E+00
  628 , 0.123208E+05 , 0.000000E+00 , 0.000000E+00
  629 , 0.123408E+05 , 0.000000E+00 , 0.000000E+00
  630 , 0.123608E+05 , 0.000000E+00 , 0.000000E+00
  631 , 0.123808E+05 , 0.000000E+00 , 0.000000E+00
  632 , 0.124008E+05 , 0.000000E+00 , 0.000000E+00
  633 , 0.124208E+05 , 0.000000E+00 , 0.000000E+00
  634 , 0.124408E+05 , 0.000000E+00 , 0.000000E+00
  635 , 0.124608E+05 , 0.000000E+00 , 0.000000E+00
  636 , 0.124808E+05 , 0.000000E+00 , 0.000000E+00
  637 , 0.125008E+05 , 0.000000E+00 , 0.000000E+00
  638 , 0.125208E+05 , 0.000000E+00 , 0.000000E+00
  639 , 0.125408E+05 , 0.000000E+00 , 0.000000E+00
  640 , 0.125608E+05 , 0.000000E+00 , 0.000000E+00
  641 , 0.125808E+05 , 0.000000E+00 , 0.000000E+00
  642 , 0.126008E+05 , 0.000000E+00 , 0.000000E+00
  643 , 0.126208E+05 , 0.000000E+00 , 0.000000E+00
  644 , 0.126408E+05 , 0.000000E+00 , 0.000000E+00
  645 , 0.126608E+05 , 0.000000E+00 , 0.000000E+00
  646 , 0.126808E+05 , 0.000000E+00 , 0.000000E+00
  647 , 0.127008E+05 , 0.000000E+00 , 0.000000E+00
  648 , 0.127208E+05 , 0.000000E+00 , 0.000000E+00
  649 , 0.127408E+05 , 0.000000E+00 , 0.000000E+00
  650 , 0.127608E+05 , 0.000000E+00 , 0.000000E+00
  651 , 0.127808E+05 , 0.000000E+00 , 0.000000E+00
  652 , 0.128008E+05 , 0.000000E+00 , 0.000000E+00
  653 , 0.128208E+05 , 0.000000E+00 , 0.000000E+00
  654 , 0.128408E+05 , 0.000000E+00 , 0.000000E+00
  655 , 0.128608E+05 , 0.000000E+00 , 0.000000E+00
  656 , 0.128808E+05 , 0.000000E+00 , 0.000000E+00
  657 , 0.129008E+05 , 0.000000E+00 , 0.000000E+00
  658 , 0.129208E+05 , 0.000000E+00 , 0.000000E+00
  659 , 0.129408E+05 , 0.000000E+00 , 0.000000E+00
  660 , 0.129608E+05 , 0.000000E+00 , 0.000000E+00
  661 , 0.129808E+05 , 0.000000E+00 , 0.000000E+00
  662 , 0.130008E+05 , 0.000000E+00 , 0.000000E+00
  663 , 0.130208E+05 , 0.000000E+00 , 0.000000E+00
  664 , 0.130408E+05 , 0.000000E+00 , 0.000000E+00
  665 , 0.130608E+05 , 0.000000E+00 , 0.000000E+00
  666 , 0.130808E+05 , 0.000000E+00 , 0.000000E+00
  667 , 0.131008E+05 , 0.000000E+00 , 0.000000E+00
  668 , 0.131208E+05 , 0.000000E+00 , 0.000000E+00
  669 , 0.131408E+05 , 0.000000E+00 , 0.000000E+00
  670 , 0.131608E+05 , 0.000000E+00 , 0.000000E+00
  671 , 0.131808E+05 , 0.000000E+00 , 0.000000E+00
  672 , 0.132008E+05 , 0.000000E+00 , 0.000000E+00
  673 , 0.132208E+05 , 0.000000E+00 , 0.000000E+00
  674 , 0.132408E+05 , 0.000000E+00 , 0.000000E+00
  675 , 0.132608E+05 , 0.000000E+00 , 0.000000E+00
  676 , 0.132808E+05 , 0.000000E+00 , 0.000000E+00
  677 , 0.133008E+05 , 0.000000E+00 , 0.000000E+00
  678 , 0.133208E+05 , 0.000000E+00 , 0.000000E+00
  679 , 0.133408E+05 , 0.000000E+00 , 0.000000E+00
  680 , 0.133608E+05 , 0.000000E+00 , 0.000000E+00
  681 , 0.133808E+05 , 0.000000E+00 , 0.000000E+00
  682 , 0.134008E+05 , 0.000000E+00 , 0.000000E+00
  683 , 0.134208E+05 , 0.000000E+00 , 0.000000E+00
  684 , 0.134408E+05 , 0.000000E+00 , 0.000000E+00
  685 , 0.134608E+05 , 0.000000E+00 , 0.000000E+00
  686 , 0.134808E+05 , 0.000000E+00 , 0.000000E+00
  687 , 0.135008E+05 , 0.000000E+00 , 0.000000E+00
  688 , 0.135208E+05 , 0.000000E+00 , 0.000000E+00
  689 , 0.135408E+05 , 0.000000E+00 , 0.000000E+00
  690 , 0.135608E+05 , 0.000000E+00 , 0.000000E+00
  691 , 0.135808E+05 , 0.000000E+00 , 0.000000E+00
  692 , 0.136008E+05 , 0.000000E+00 , 0.000000E+00
  693 , 0.136208E+05 , 0.000000E+00 , 0.000000E+00
  694 , 0.136408E+05 , 0.000000E+00 , 0.000000E+00
  695 , 0.136608E+05 , 0.000000E+00 , 0.000000E+00
  696 , 0.136808E+05 , 0.000000E+00 , 0.000000E+00
  697 , 0.137008E+05 , 0.000000E+00 , 0.000000E+00
  698 , 0.137208E+05 , 0.000000E+00 , 0.000000E+00
  699 , 0.137408E+05 , 0.000000E+00 , 0.000000E+00
  700 , 0.137608E+05 , 0.000000E+00 , 0.000000E+00
  701 , 0.137808E+05 , 0.000000E+00 , 0.000000E+00
  702 , 0.138008E+05 , 0.000000E+00 , 0.000000E+00
  703 , 0.138208E+05 , 0.000000E+00 , 0.000000E+00
  704 , 0.138408E+05 , 0.000000E+00 , 0.000000E+00
  705 , 0.138608E+05 , 0.000000E+00 , 0.000000E+00
  706 , 0.138808E+05 , 0.000000E+00 , 0.000000E+00
  707 , 0.139008E+05 , 0.000000E+00 , 0.000000E+00
  708 , 0.139208E+05 , 0.000000E+00 , 0.000000E+00
  709 , 0.139408E+05 , 0.000000E+00 , 0.000000E+00
  710 , 0.139608E+05 , 0.000000E+00 , 0.000000E+00
  711 , 0.139808E+05 , 0.000000E+00 , 0.000000E+00
  712 , 0.140008E+05 , 0.000000E+00 , 0.000000E+00
  713 , 0.140208E+05 , 0.000000E+00 , 0.000000E+00
  714 , 0.140408E+05 , 0.000000E+00 , 0.000000E+00
  715 , 0.140608E+05 , 0.000000E+00 , 0.000000E+00
  716 , 0.140808E+05 , 0.000000E+00 , 0.000000E+00
  717 , 0.141008E+05 , 0.000000E+00 , 0.000000E+00
  718 , 0.141208E+05 , 0.000000E+00 , 0.000000E+00
  719 , 0.141408E+05 , 0.000000E+00 , 0.000000E+00
  720 , 0.141608E+05 , 0.000000E+00 , 0.000000E+00
  721 , 0.141808E+05 , 0.000000E+00 , 0.000000E+00
  722 , 0.142008E+05 , 0.000000E+00 , 0.000000E+00
  723 , 0.142208E+05 , 0.000000E+00 , 0.000000E+00
  724 , 0.142408E+05 , 0.000000E+00 , 0.000000E+00
  725 , 0.142608E+05 , 0.000000E+00 , 0.000000E+00
  726 , 0.142808E+05 , 0.000000E+00 , 0.000000E+00
  727 , 0.143008E+05 , 0.000000E+00 , 0.000000E+00
  728 , 0.143208E+05 , 0.000000E+00 , 0.000000E+00
  729 , 0.143408E+05 , 0.000000E+00 , 0.000000E+00
  730 , 0.143608E+05 , 0.000000E+00 , 0.000000E+00
  731 , 0.143808E+05 , 0.000000E+00 , 0.000000E+00
  732 , 0.144008E+05 , 0.000000E+00 , 0.000000E+00
  733 , 0.144208E+05 , 0.000000E+00 , 0.000000E+00
  734 , 0.144408E+05 , 0.000000E+00 , 0.000000E+00
  735 , 0.144608E+05 , 0.000000E+00 , 0.000000E+00
  736 , 0.144808E+05 , 0.000000E+00 , 0.000000E+00
  737 , 0.145008E+05 , 0.000000E+00 , 0.000000E+00
  738 , 0.145208E+05 , 0.000000E+00 , 0.000000E+00
  739 , 0.145408E+05 , 0.000000E+00 , 0.000000E+00
  740 , 0.145608E+05 , 0.000000E+00 , 0.000000E+00
  741 , 0.145808E+05 , 0.000000E+00 , 0.000000E+00
  742 , 0.146008E+05 , 0.000000E+00 , 0.000000E+00
  743 , 0.146208E+05 , 0.000000E+00 , 0.000000E+00
  744 , 0.146408E+05 , 0.000000E+00 , 0.000000E+00
  745 , 0.146608E+05 , 0.000000E+00 , 0.000000E+00
  746 , 0.146808E+05 , 0.000000E+00 , 0.000000E+00
  747 , 0.147008E+05 , 0.000000E+00 , 0.000000E+00
  748 , 0.147208E+05 , 0.000000E+00 , 0.000000E+00
  749 , 0.147408E+05 , 0.000000E+00 , 0.000000E+00
  750 , 0.147608E+05 , 0.000000E+00 , 0.000000E+00
  751 , 0.147808E+05 , 0.000000E+00 , 0.000000E+00
  752 , 0.148008E+05 , 0.000000E+00 , 0.000000E+00
  753 , 0.148208E+05 , 0.000000E+00 , 0.000000E+00
  754 , 0.148408E+05 , 0.000000E+00 , 0.000000E+00
  755 , 0.148608E+05 , 0.000000E+00 , 0.000000E+00
  756 , 0.148808E+05 , 0.000000E+00 , 0.000000E+00
  757 , 0.149008E+05 , 0.000000E+00 , 0.000000E+00
  758 , 0.149208E+05 , 0.000000E+00 , 0.000000E+00
  759 , 0.149408E+05 , 0.000000E+00 , 0.000000E+00
  760 , 0.149608E+05 , 0.000000E+00 , 0.000000E+00
  761 , 0.149808E+05 , 0.000000E+00 , 0.000000E+00
  762 , 0.150008E+05 , 0.000000E+00 , 0.000000E+00
  763 , 0.150208E+05 , 0.000000E+00 , 0.000000E+00
  764 , 0.150408E+05 , 0.000000E+00 , 0.000000E+00
  765 , 0.150608E+05 , 0.000000E+00 , 0.000000E+00
  766 , 0.150808E+05 , 0.000000E+00 , 0.000000E+00
  767 , 0.151008E+05 , 0.000000E+00 , 0.000000E+00
  768 , 0.151208E+05 , 0.000000E+00 , 0.000000E+00
  769 , 0.151408E+05 , 0.000000E+00 , 0.000000E+00
  770 , 0.151608E+05 , 0.000000E+00 , 0.000000E+00
  771 , 0.151808E+05 , 0.000000E+00 , 0.000000E+00
  772 , 0.152008E+05 , 0.000000E+00 , 0.000000E+00
  773 , 0.152208E+05 , 0.000000E+00 , 0.000000E+00
  774 , 0.152408E+05 , 0.000000E+00 , 0.000000E+00
  775 , 0.152608E+05 , 0.000000E+00 , 0.000000E+00
  776 , 0.152808E+05 , 0.000000E+00 , 0.000000E+00
  777 , 0.153008E+05 , 0.000000E+00 , 0.000000E+00
  778 , 0.153208E+05 , 0.000000E+00 , 0.000000E+00
  779 , 0.153408E+05 , 0.000000E+00 , 0.000000E+00
  780 , 0.153608E+05 , 0.000000E+00 , 0.000000E+00
  781 , 0.153808E+05 , 0.000000E+00 , 0.000000E+00
  782 , 0.154008E+05 , 0.000000E+00 , 0.000000E+00
  783 , 0.154208E+05 , 0.000000E+00 , 0.000000E+00
  784 , 0.154408E+05 , 0.000000E+00 , 0.000000E+00
  785 , 0.154608E+05 , 0.000000E+00 , 0.000000E+00
  786 , 0.154808E+05 , 0.000000E+00 , 0.000000E+00
  787 , 0.155008E+05 , 0.000000E+00 , 0.000000E+00
  788 , 0.155208E+05 , 0.000000E+00 , 0.000000E+00
  789 , 0.155408E+05 , 0.000000E+00 , 0.000000E+00
  790 , 0.155608E+05 , 0.000000E+00 , 0.000000E+00
  791 , 0.155808E+05 , 0.000000E+00 , 0.000000E+00
  792 , 0.156008E+05 , 0.000000E+00 , 0.000000E+00
  793 , 0.156208E+05 , 0.000000E+00 , 0.000000E+00
  794 , 0.156408E+05 , 0.000000E+00 , 0.000000E+00
  795 , 0.156608E+05 , 0.000000E+00 , 0.000000E+00
  796 , 0.156808E+05 , 0.000000E+00 , 0.000000E+00
  797 , 0.157008E+05 , 0.000000E+00 , 0.000000E+00
  798 , 0.157208E+05 , 0.000000E+00 , 0.000000E+00
  799 , 0.157408E+05 , 0.000000E+00 , 0.000000E+00
  800 , 0.157608E+05 , 0.000000E+00 , 0.000000E+00
  801 , 0.157808E+05 , 0.000000E+00 , 0.000000E+00
  802 , 0.158008E+05 , 0.000000E+00 , 0.000000E+00
  803 , 0.158208E+05 , 0.000000E+00 , 0.000000E+00
  804 , 0.158408E+05 , 0.000000E+00 , 0.000000E+00
  805 , 0.158608E+05 , 0.000000E+00 , 0.000000E+00
  806 , 0.158808E+05 , 0.000000E+00 , 0.000000E+00
  807 , 0.159008E+05 , 0.000000E+00 , 0.000000E+00
  808 , 0.159208E+05 , 0.000000E+00 , 0.000000E+00
  809 , 0.159408E+05 , 0.000000E+00 , 0.000000E+00
  810 , 0.159608E+05 , 0.000000E+00 , 0.000000E+00
  811 , 0.159808E+05 , 0.000000E+00 , 0.000000E+00
  812 , 0.160008E+05 , 0.000000E+00 , 0.000000E+00
  813 , 0.160208E+05 , 0.000000E+00 , 0.000000E+00
  814 , 0.160408E+05 , 0.000000E+00 , 0.000000E+00
  815 , 0.160608E+05 , 0.000000E+00 , 0.000000E+00
  816 , 0.160808E+05 , 0.000000E+00 , 0.000000E+00
  817 , 0.161008E+05 , 0.000000E+00 , 0.000000E+00
  818 , 0.161208E+05 , 0.000000E+00 , 0.000000E+00
  819 , 0.161408E+05 , 0.000000E+00 , 0.000000E+00
  820 , 0.161608E+05 , 0.000000E+00 , 0.000000E+00
  821 , 0.161808E+05 , 0.000000E+00 , 0.000000E+00
  822 , 0.162008E+05 , 0.000000E+00 , 0.000000E+00
  823 , 0.162208E+05 , 0.000000E+00 , 0.000000E+00
  824 , 0.162408E+05 , 0.000000E+00 , 0.000000E+00
  825 , 0.162608E+05 , 0.000000E+00 , 0.000000E+00
  826 , 0.162808E+05 , 0.000000E+00 , 0.000000E+00
  827 , 0.163008E+05 , 0.000000E+00 , 0.000000E+00
  828 , 0.163208E+05 , 0.000000E+00 , 0.000000E+00
  829 , 0.163408E+05 , 0.000000E+00 , 0.000000E+00
  830 , 0.163608E+05 , 0.000000E+00 , 0.000000E+00
  831 , 0.163808E+05 , 0.000000E+00 , 0.000000E+00
  832 , 0.164008E+05 , 0.000000E+00 , 0.000000E+00
  833 , 0.164208E+05 , 0.000000E+00 , 0.000000E+00
  834 , 0.164408E+05 , 0.000000E+00 , 0.000000E+00
  835 , 0.164608E+05 , 0.000000E+00 , 0.000000E+00
  836 , 0.164808E+05 , 0.000000E+00 , 0.000000E+00
  837 , 0.165008E+05 , 0.000000E+00 , 0.000000E+00
  838 , 0.165208E+05 , 0.000000E+00 , 0.000000E+00
  839 , 0.165408E+05 , 0.000000E+00 , 0.000000E+00
  840 , 0.165608E+05 , 0.000000E+00 , 0.000000E+00
  841 , 0.165808E+05 , 0.000000E+00 , 0.000000E+00
  842 , 0.166008E+05 , 0.000000E+00 , 0.000000E+00
  843 , 0.166208E+05 , 0.000000E+00 , 0.000000E+00
  844 , 0.166408E+05 , 0.000000E+00 , 0.000000E+00
  845 , 0.166608E+05 , 0.000000E+00 , 0.000000E+00
  846 , 0.166808E+05 , 0.000000E+00 , 0.000000E+00
  847 , 0.167008E+05 , 0.000000E+00 , 0.000000E+00
  848 , 0.167208E+05 , 0.000000E+00 , 0.000000E+00
  849 , 0.167408E+05 , 0.000000E+00 , 0.000000E+00
  850 , 0.167608E+05 , 0.000000E+00 , 0.000000E+00
  851 , 0.167808E+05 , 0.000000E+00 , 0.000000E+00
  852 , 0.168008E+05 , 0.000000E+00 , 0.000000E+00
  853 , 0.168208E+05 , 0.000000E+00 , 0.000000E+00
  854 , 0.168408E+05 , 0.000000E+00 , 0.000000E+00
  855 , 0.168608E+05 , 0.000000E+00 , 0.000000E+00
  856 , 0.168808E+05 , 0.000000E+00 , 0.000000E+00
  857 , 0.169008E+05 , 0.000000E+00 , 0.000000E+00
  858 , 0.169208E+05 , 0.000000E+00 , 0.000000E+00
  859 , 0.169408E+05 , 0.000000E+00 , 0.000000E+00
  860 , 0.169608E+05 , 0.000000E+00 , 0.000000E+00
  861 , 0.169808E+05 , 0.000000E+00 , 0.000000E+00
  862 , 0.170008E+05 , 0.000000E+00 , 0.000000E+00
  863 , 0.170208E+05 , 0.000000E+00 , 0.000000E+00
  864 , 0.170408E+05 , 0.000000E+00 , 0.000000E+00
  865 , 0.170608E+05 , 0.000000E+00 , 0.000000E+00
  866 , 0.170808E+05 , 0.000000E+00 , 0.000000E+00
  867 , 0.171008E+05 , 0.000000E+00 , 0.000000E+00
  868 , 0.171208E+05 , 0.000000E+00 , 0.000000E+00
  869 , 0.171408E+05 , 0.000000E+00 , 0.000000E+00
  870 , 0.171608E+05 , 0.000000E+00 , 0.000000E+00
  871 , 0.171808E+05 , 0.000000E+00 , 0.000000E+00
  872 , 0.172008E+05 , 0.000000E+00 , 0.000000E+00
  873 , 0.172208E+05 , 0.000000E+00 , 0.000000E+00
  874 , 0.172408E+05 , 0.000000E+00 , 0.000000E+00
  875 , 0.172608E+05 , 0.000000E+00 , 0.000000E+00
  876 , 0.172808E+05 , 0.000000E+00 , 0.000000E+00
  877 , 0.173008E+05 , 0.000000E+00 , 0.000000E+00
  878 , 0.173208E+05 , 0.000000E+00 , 0.000000E+00
  879 , 0.173408E+05 , 0.000000E+00 , 0.000000E+00
  880 , 0.173608E+05 , 0.000000E+00 , 0.000000E+00
  881 , 0.173808E+05 , 0.000000E+00 , 0.000000E+00
  882 , 0.174008E+05 , 0.000000E+00 , 0.000000E+00
  883 , 0.174208E+05 , 0.000000E+00 , 0.000000E+00
  884 , 0.174408E+05 , 0.000000E+00 , 0.000000E+00
  885 , 0.174608E+05 , 0.000000E+00 , 0.000000E+00
  886 , 0.174808E+05 , 0.000000E+00 , 0.000000E+00
  887 , 0.175008E+05 , 0.000000E+00 , 0.000000E+00
  888 , 0.175208E+05 , 0.000000E+00 , 0.000000E+00
  889 , 0.175408E+05 , 0.000000E+00 , 0.000000E+00
  890 , 0.175608E+05 , 0.000000E+00 , 0.000000E+00
  891 , 0.175808E+05 , 0.000000E+00 , 0.000000E+00
  892 , 0.176008E+05 , 0.000000E+00 , 0.000000E+00
  893 , 0.176208E+05 , 0.000000E+00 , 0.000000E+00
  894 , 0.176408E+05 , 0.000000E+00 , 0.000000E+00
  895 , 0.176608E+05 , 0.000000E+00 , 0.000000E+00
  896 , 0.176808E+05 , 0.000000E+00 , 0.000000E+00
  897 , 0.177008E+05 , 0.000000E+00 , 0.000000E+00
  898 , 0.177208E+05 , 0.000000E+00 , 0.000000E+00
  899 , 0.177408E+05 , 0.000000E+00 , 0.000000E+00
  900 , 0.177608E+05 , 0.000000E+00 , 0.000000E+00
  901 , 0.177808E+05 , 0.000000E+00 , 0.000000E+00
  902 , 0.178008E+05 , 0.000000E+00 , 0.000000E+00
  903 , 0.178208E+05 , 0.000000E+00 , 0.000000E+00
  904 , 0.178408E+05 , 0.000000E+00 , 0.000000E+00
  905 , 0.178608E+05 , 0.000000E+00 , 0.000000E+00
  906 , 0.178808E+05 , 0.000000E+00 , 0.000000E+00
  907 , 0.179008E+05 , 0.000000E+00 , 0.000000E+00
  908 , 0.179208E+05 , 0.000000E+00 , 0.000000E+00
  909 , 0.179408E+05 , 0.000000E+00 , 0.000000E+00
  910 , 0.179608E+05 , 0.000000E+00 , 0.000000E+00
  911 , 0.179808E+05 , 0.000000E+00 , 0.000000E+00
  912 , 0.180008E+05 , 0.000000E+00 , 0.000000E+00
  913 , 0.180208E+05 , 0.000000E+00 , 0.000000E+00
  914 , 0.180408E+05 , 0.000000E+00 , 0.000000E+00
  915 , 0.180608E+05 , 0.000000E+00 , 0.000000E+00
  916 , 0.180808E+05 , 0.000000E+00 , 0.000000E+00
  917 , 0.181008E+05 , 0.000000E+00 , 0.000000E+00
  918 , 0.181208E+05 , 0.000000E+00 , 0.000000E+00
  919 , 0.181408E+05 , 0.000000E+00 , 0.000000E+00
  920 , 0.181608E+05 , 0.000000E+00 , 0.000000E+00
  921 , 0.181808E+05 , 0.000000E+00 , 0.000000E+00
  922 , 0.182008E+05 , 0.000000E+00 , 0.000000E+00
  923 , 0.182208E+05 , 0.000000E+00 , 0.000000E+00
  924 , 0.182408E+05 , 0.000000E+00 , 0.000000E+00
  925 , 0.182608E+05 , 0.000000E+00 , 0.000000E+00
  926 , 0.182808E+05 , 0.000000E+00 , 0.000000E+00
  927 , 0.183008E+05 , 0.000000E+00 , 0.000000E+00
  928 , 0.183208E+05 , 0.000000E+00 , 0.000000E+00
  929 , 0.183408E+05 , 0.000000E+00 , 0.000000E+00
  930 , 0.183608E+05 , 0.000000E+00 , 0.000000E+00
  931 , 0.183808E+05 , 0.000000E+00 , 0.000000E+00
  932 , 0.184008E+05 , 0.000000E+00 , 0.000000E+00
  933 , 0.184208E+05 , 0.000000E+00 , 0.000000E+00
  934 , 0.184408E+05 , 0.000000E+00 , 0.000000E+00
  935 , 0.184608E+05 , 0.000000E+00 , 0.000000E+00
  936 , 0.184808E+05 , 0.000000E+00 , 0.000000E+00
  937 , 0.185008E+05 , 0.000000E+00 , 0.000000E+00
  938 , 0.185208E+05 , 0.000000E+00 , 0.000000E+00
  939 , 0.185408E+05 , 0.000000E+00 , 0.000000E+00
  940 , 0.185608E+05 , 0.000000E+00 , 0.000000E+00
  941 , 0.185808E+05 , 0.000000E+00 , 0.000000E+00
  942 , 0.186008E+05 , 0.000000E+00 , 0.000000E+00
  943 , 0.186208E+05 , 0.000000E+00 , 0.000000E+00
  944 , 0.186408E+05 , 0.000000E+00 , 0.000000E+00
  945 , 0.186608E+05 , 0.000000E+00 , 0.000000E+00
  946 , 0.186808E+05 , 0.000000E+00 , 0.000000E+00
  947 , 0.187008E+05 , 0.000000E+00 , 0.000000E+00
  948 , 0.187208E+05 , 0.000000E+00 , 0.000000E+00
  949 , 0.187408E+05 , 0.000000E+00 , 0.000000E+00
  950 , 0.187608E+05 , 0.000000E+00 , 0.000000E+00
  951 , 0.187808E+05 , 0.000000E+00 , 0.000000E+00
  952 , 0.188008E+05 , 0.000000E+00 , 0.000000E+00
  953 , 0.188208E+05 , 0.000000E+00 , 0.000000E+00
  954 , 0.188408E+05 , 0.000000E+00 , 0.000000E+00
  955 , 0.188608E+05 , 0.000000E+00 , 0.000000E+00
  956 , 0.188808E+05 , 0.000000E+00 , 0.000000E+00
  957 , 0.189008E+05 , 0.000000E+00 , 0.000000E+00
  958 , 0.189208E+05 , 0.000000E+00 , 0.000000E+00
  959 , 0.189408E+05 , 0.000000E+00 , 0.000000E+00
  960 , 0.189608E+05 , 0.000000E+00 , 0.000000E+00
  961 , 0.189808E+05 , 0.000000E+00 , 0.000000E+00
  962 , 0.190008E+05 , 0.000000E+00 , 0.000000E+00
  963 , 0.190208E+05 , 0.000000E+00 , 0.000000E+00
  964 , 0.190408E+05 , 0.000000E+00 , 0.000000E+00
  965 , 0.190608E+05 , 0.000000E+00 , 0.000000E+00
  966 , 0.190808E+05 , 0.000000E+00 , 0.000000E+00
  967 , 0.191008E+05 , 0.000000E+00 , 0.000000E+00
  968 , 0.191208E+05 , 0.000000E+00 , 0.000000E+00
  969 , 0.191408E+05 , 0.000000E+00 , 0.000000E+00
  970 , 0.191608E+05 , 0.000000E+00 , 0.000000E+00
  971 , 0.191808E+05 , 0.000000E+00 , 0.000000E+00
  972 , 0.192008E+05 , 0.000000E+00 , 0.000000E+00
  973 , 0.192208E+05 , 0.000000E+00 , 0.000000E+00
  974 , 0.192408E+05 , 0.000000E+00 , 0.000000E+00
  975 , 0.192608E+05 , 0.000000E+00 , 0.000000E+00
  976 , 0.192808E+05 , 0.000000E+00 , 0.000000E+00
  977 , 0.193008E+05 , 0.000000E+00 , 0.000000E+00
  978 , 0.193208E+05 , 0.000000E+00 , 0.000000E+00
  979 , 0.193408E+05 , 0.000000E+00 , 0.000000E+00
  980 , 0.193608E+05 , 0.000000E+00 , 0.000000E+00
  981 , 0.193808E+05 , 0.000000E+00 , 0.000000E+00
  982 , 0.194008E+05 , 0.000000E+00 , 0.000000E+00
  983 , 0.194208E+05 , 0.000000E+00 , 0.000000E+00
  984 , 0.194408E+05 , 0.000000E+00 , 0.000000E+00
  985 , 0.194608E+05 , 0.000000E+00 , 0.000000E+00
  986 , 0.194808E+05 , 0.000000E+00 , 0.000000E+00
  987 , 0.195008E+05 , 0.000000E+00 , 0.000000E+00
  988 , 0.195208E+05 , 0.000000E+00 , 0.000000E+00
  989 , 0.195408E+05 , 0.000000E+00 , 0.000000E+00
  990 , 0.195608E+05 , 0.000000E+00 , 0.000000E+00
  991 , 0.195808E+05 , 0.000000E+00 , 0.000000E+00
  992 , 0.196008E+05 , 0.000000E+00 , 0.000000E+00
  993 , 0.196208E+05 , 0.000000E+00 , 0.000000E+00
  994 , 0.196408E+05 , 0.000000E+00 , 0.000000E+00
  995 , 0.196608E+05 , 0.000000E+00 , 0.000000E+00
  996 , 0.196808E+05 , 0.000000E+00 , 0.000000E+00
  997 , 0.197008E+05 , 0.000000E+00 , 0.000000E+00
  998 , 0.197208E+05 , 0.000000E+00 , 0.000000E+00
  999 , 0.197408E+05 , 0.000000E+00 , 0.000000E+00
 1000 , 0.197608E+05 , 0.000000E+00 , 0.000000E+00
 1001 , 0.197808E+05 , 0.000000E+00 , 0.000000E+00
 1002 , 0.198008E+05 , 0.000000E+00 , 0.000000E+00
 1003 , 0.198208E+05 , 0.000000E+00 , 0.000000E+00
 1004 , 0.198408E+05 , 0.000000E+00 , 0.000000E+00
 1005 , 0.198608E+05 , 0.000000E+00 , 0.000000E+00
 1006 , 0.198808E+05 , 0.000000E+00 , 0.000000E+00
 1007 , 0.199008E+05 , 0.000000E+00 , 0.000000E+00
 1008 , 0.199208E+05 , 0.000000E+00 , 0.000000E+00
 1009 , 0.199408E+05 , 0.000000E+00 , 0.000000E+00
 1010 , 0.199608E+05 , 0.000000E+00 , 0.000000E+00
 1011 , 0.199808E+05 , 0.000000E+00 , 0.000000E+00
 1012 , 0.200008E+05 , 0.000000E+00 , 0.000000E+00
 1013 , 0.200208E+05 , 0.000000E+00 , 0.000000E+00
 1014 , 0.200408E+05 , 0.000000E+00 , 0.000000E+00
 1015 , 0.200608E+05 , 0.000000E+00 , 0.000000E+00
 1016 , 0.200808E+05 , 0.000000E+00 , 0.000000E+00
 1017 , 0.201008E+05 , 0.000000E+00 , 0.000000E+00
 1018 , 0.201208E+05 , 0.000000E+00 , 0.000000E+00
 1019 , 0.201408E+05 , 0.000000E+00 , 0.000000E+00
 1020 , 0.201608E+05 , 0.000000E+00 , 0.000000E+00
 1021 , 0.201808E+05 , 0.000000E+00 , 0.000000E+00
 1022 , 0.202008E+05 , 0.000000E+00 , 0.000000E+00
 1023 , 0.202208E+05 , 0.000000E+00 , 0.000000E+00
 1024 , 0.202408E+05 , 0.000000E+00 , 0.000000E+00
 1025 , 0.202608E+05 , 0.000000E+00 , 0.000000E+00
 1026 , 0.202808E+05 , 0.000000E+00 , 0.000000E+00
 1027 , 0.203008E+05 , 0.000000E+00 , 0.000000E+00
 1028 , 0.203208E+05 , 0.000000E+00 , 0.000000E+00
 1029 , 0.203408E+05 , 0.000000E+00 , 0.000000E+00
 1030 , 0.203608E+05 , 0.000000E+00 , 0.000000E+00
 1031 , 0.203808E+05 , 0.000000E+00 , 0.000000E+00
 1032 , 0.204008E+05 , 0.000000E+00 , 0.000000E+00
 1033 , 0.204208E+05 , 0.000000E+00 , 0.000000E+00
 1034 , 0.204408E+05 , 0.000000E+00 , 0.000000E+00
 1035 , 0.204608E+05 , 0.000000E+00 , 0.000000E+00
 1036 , 0.204808E+05 , 0.000000E+00 , 0.000000E+00
 1037 , 0.205008E+05 , 0.000000E+00 , 0.000000E+00
 1038 , 0.205208E+05 , 0.000000E+00 , 0.000000E+00
 1039 , 0.205408E+05 , 0.000000E+00 , 0.000000E+00
 1040 , 0.205608E+05 , 0.000000E+00 , 0.000000E+00
 1041 , 0.205808E+05 , 0.000000E+00 , 0.000000E+00
 1042 , 0.206008E+05 , 0.000000E+00 , 0.000000E+00
 1043 , 0.206208E+05 , 0.000000E+00 , 0.000000E+00
 1044 , 0.206408E+05 , 0.000000E+00 , 0.000000E+00
 1045 , 0.206608E+05 , 0.000000E+00 , 0.000000E+00
 1046 , 0.206808E+05 , 0.000000E+00 , 0.000000E+00
 1047 , 0.207008E+05 , 0.000000E+00 , 0.000000E+00
 1048 , 0.207208E+05 , 0.000000E+00 , 0.000000E+00
 1049 , 0.207408E+05 , 0.000000E+00 , 0.000000E+00
 1050 , 0.207608E+05 , 0.000000E+00 , 0.000000E+00
 1051 , 0.207808E+05 , 0.000000E+00 , 0.000000E+00
 1052 , 0.208008E+05 , 0.000000E+00 , 0.000000E+00
 1053 , 0.208208E+05 , 0.000000E+00 , 0.000000E+00
 1054 , 0.208408E+05 , 0.000000E+00 , 0.000000E+00
 1055 , 0.208608E+05 , 0.000000E+00 , 0.000000E+00
 1056 , 0.208808E+05 , 0.000000E+00 , 0.000000E+00
 1057 , 0.209008E+05 , 0.000000E+00 , 0.000000E+00
 1058 , 0.209208E+05 , 0.000000E+00 , 0.000000E+00
 1059 , 0.209408E+05 , 0.000000E+00 , 0.000000E+00
 1060 , 0.209608E+05 , 0.000000E+00 , 0.000000E+00
 1061 , 0.209808E+05 , 0.000000E+00 , 0.000000E+00
 1062 , 0.210008E+05 , 0.000000E+00 , 0.000000E+00
 1063 , 0.210208E+05 , 0.000000E+00 , 0.000000E+00
 1064 , 0.210408E+05 , 0.000000E+00 , 0.000000E+00
 1065 , 0.210608E+05 , 0.000000E+00 , 0.000000E+00
 1066 , 0.210808E+05 , 0.000000E+00 , 0.000000E+00
 1067 , 0.211008E+05 , 0.000000E+00 , 0.000000E+00
 1068 , 0.211208E+05 , 0.000000E+00 , 0.000000E+00
 1069 , 0.211408E+05 , 0.000000E+00 , 0.000000E+00
 1070 , 0.211608E+05 , 0.000000E+00 , 0.000000E+00
 1071 , 0.211808E+05 , 0.000000E+00 , 0.000000E+00
 1072 , 0.212008E+05 , 0.000000E+00 , 0.000000E+00
 1073 , 0.212208E+05 , 0.000000E+00 , 0.000000E+00
 1074 , 0.212408E+05 , 0.000000E+00 , 0.000000E+00
 1075 , 0.212608E+05 , 0.000000E+00 , 0.000000E+00
 1076 , 0.212808E+05 , 0.000000E+00 , 0.000000E+00
 1077 , 0.213008E+05 , 0.000000E+00 , 0.000000E+00
 1078 , 0.213208E+05 , 0.000000E+00 , 0.000000E+00
 1079 , 0.213408E+05 , 0.000000E+00 , 0.000000E+00
 1080 , 0.213608E+05 , 0.000000E+00 , 0.000000E+00
 1081 , 0.213808E+05 , 0.000000E+00 , 0.000000E+00
 1082 , 0.214008E+05 , 0.000000E+00 , 0.000000E+00
 1083 , 0.214208E+05 , 0.000000E+00 , 0.000000E+00
 1084 , 0.214408E+05 , 0.000000E+00 , 0.000000E+00
 1085 , 0.214608E+05 , 0.000000E+00 , 0.000000E+00
 1086 , 0.214808E+05 , 0.000000E+00 , 0.000000E+00
 1087 , 0.215008E+05 , 0.000000E+00 , 0.000000E+00
 1088 , 0.215208E+05 , 0.000000E+00 , 0.000000E+00
 1089 , 0.215408E+05 , 0.000000E+00 , 0.000000E+00
 1090 , 0.215608E+05 , 0.000000E+00 , 0.000000E+00
 1091 , 0.215808E+05 , 0.000000E+00 , 0.000000E+00
 1092 , 0.216008E+05 , 0.000000E+00 , 0.000000E+00
 1093 , 0.216208E+05 , 0.000000E+00 , 0.000000E+00
 1094 , 0.216408E+05 , 0.000000E+00 , 0.000000E+00
 1095 , 0.216608E+05 , 0.000000E+00 , 0.000000E+00
 1096 , 0.216808E+05 , 0.000000E+00 , 0.000000E+00
 1097 , 0.217008E+05 , 0.000000E+00 , 0.000000E+00
 1098 , 0.217208E+05 , 0.000000E+00 , 0.000000E+00
 1099 , 0.217408E+05 , 0.000000E+00 , 0.000000E+00
 1100 , 0.217608E+05 , 0.000000E+00 , 0.000000E+00
 1101 , 0.217808E+05 , 0.000000E+00 , 0.000000E+00
 1102 , 0.218008E+05 , 0.000000E+00 , 0.000000E+00
 1103 , 0.218208E+05 , 0.000000E+00 , 0.000000E+00
 1104 , 0.218408E+05 , 0.000000E+00 , 0.000000E+00
 1105 , 0.218608E+05 , 0.000000E+00 , 0.000000E+00
 1106 , 0.218808E+05 , 0.000000E+00 , 0.000000E+00
 1107 , 0.219008E+05 , 0.000000E+00 , 0.000000E+00
 1108 , 0.219208E+05 , 0.000000E+00 , 0.000000E+00
 1109 , 0.219408E+05 , 0.000000E+00 , 0.000000E+00
 1110 , 0.219608E+05 , 0.000000E+00 , 0.000000E+00
 1111 , 0.219808E+05 , 0.000000E+00 , 0.000000E+00
 1112 , 0.220008E+05 , 0.000000E+00 , 0.000000E+00
 1113 , 0.220208E+05 , 0.000000E+00 , 0.000000E+00
 1114 , 0.220408E+05 , 0.000000E+00 , 0.000000E+00
 1115 , 0.220608E+05 , 0.000000E+00 , 0.000000E+00
 1116 , 0.220808E+05 , 0.000000E+00 , 0.000000E+00
 1117 , 0.221008E+05 , 0.000000E+00 , 0.000000E+00
 1118 , 0.221208E+05 , 0.000000E+00 , 0.000000E+00
 1119 , 0.221408E+05 , 0.000000E+00 , 0.000000E+00
 1120 , 0.221608E+05 , 0.000000E+00 , 0.000000E+00
 1121 , 0.221808E+05 , 0.000000E+00 , 0.000000E+00
 1122 , 0.222008E+05 , 0.000000E+00 , 0.000000E+00
 1123 , 0.222208E+05 , 0.000000E+00 , 0.000000E+00
 1124 , 0.222408E+05 , 0.000000E+00 , 0.000000E+00
 1125 , 0.222608E+05 , 0.000000E+00 , 0.000000E+00
 1126 , 0.222808E+05 , 0.000000E+00 , 0.000000E+00
 1127 , 0.223008E+05 , 0.000000E+00 , 0.000000E+00
 1128 , 0.223208E+05 , 0.000000E+00 , 0.000000E+00
 1129 , 0.223408E+05 , 0.000000E+00 , 0.000000E+00
 1130 , 0.223608E+05 , 0.000000E+00 , 0.000000E+00
 1131 , 0.223808E+05 , 0.000000E+00 , 0.000000E+00
 1132 , 0.224008E+05 , 0.000000E+00 , 0.000000E+00
 1133 , 0.224208E+05 , 0.000000E+00 , 0.000000E+00
 1134 , 0.224408E+05 , 0.000000E+00 , 0.000000E+00
 1135 , 0.224608E+05 , 0.000000E+00 , 0.000000E+00
 1136 , 0.224808E+05 , 0.000000E+00 , 0.000000E+00
 1137 , 0.225008E+05 , 0.000000E+00 , 0.000000E+00
 1138 , 0.225208E+05 , 0.000000E+00 , 0.000000E+00
 1139 , 0.225408E+05 , 0.000000E+00 , 0.000000E+00
 1140 , 0.225608E+05 , 0.000000E+00 , 0.000000E+00
 1141 , 0.225808E+05 , 0.000000E+00 , 0.000000E+00
 1142 , 0.226008E+05 , 0.000000E+00 , 0.000000E+00
 1143 , 0.226208E+05 , 0.000000E+00 , 0.000000E+00
 1144 , 0.226408E+05 , 0.000000E+00 , 0.000000E+00
 1145 , 0.226608E+05 , 0.000000E+00 , 0.000000E+00
 1146 , 0.226808E+05 , 0.000000E+00 , 0.000000E+00
 1147 , 0.227008E+05 , 0.000000E+00 , 0.000000E+00
 1148 , 0.227208E+05 , 0.000000E+00 , 0.000000E+00
 1149 , 0.227408E+05 , 0.000000E+00 , 0.000000E+00
 1150 , 0.227608E+05 , 0.000000E+00 , 0.000000E+00
 1151 , 0.227808E+05 , 0.000000E+00 , 0.000000E+00
 1152 , 0.228008E+05 , 0.000000E+00 , 0.000000E+00
 1153 , 0.228208E+05 , 0.000000E+00 , 0.000000E+00
 1154 , 0.228408E+05 , 0.000000E+00 , 0.000000E+00
 1155 , 0.228608E+05 , 0.000000E+00 , 0.000000E+00
 1156 , 0.228808E+05 , 0.000000E+00 , 0.000000E+00
 1157 , 0.229008E+05 , 0.000000E+00 , 0.000000E+00
 1158 , 0.229208E+05 , 0.000000E+00 , 0.000000E+00
 1159 , 0.229408E+05 , 0.000000E+00 , 0.000000E+00
 1160 , 0.229608E+05 , 0.000000E+00 , 0.000000E+00
 1161 , 0.229808E+05 , 0.000000E+00 , 0.000000E+00
 1162 , 0.230008E+05 , 0.000000E+00 , 0.000000E+00
 1163 , 0.230208E+05 , 0.000000E+00 , 0.000000E+00
 1164 , 0.230408E+05 , 0.000000E+00 , 0.000000E+00
 1165 , 0.230608E+05 , 0.000000E+00 , 0.000000E+00
 1166 , 0.230808E+05 , 0.000000E+00 , 0.000000E+00
 1167 , 0.231008E+05 , 0.000000E+00 , 0.000000E+00
 1168 , 0.231208E+05 , 0.000000E+00 , 0.000000E+00
 1169 , 0.231408E+05 , 0.000000E+00 , 0.000000E+00
 1170 , 0.231608E+05 , 0.000000E+00 , 0.000000E+00
 1171 , 0.231808E+05 , 0.000000E+00 , 0.000000E+00
 1172 , 0.232008E+05 , 0.000000E+00 , 0.000000E+00
 1173 , 0.232208E+05 , 0.000000E+00 , 0.000000E+00
 1174 , 0.232408E+05 , 0.000000E+00 , 0.000000E+00
 1175 , 0.232608E+05 , 0.000000E+00 , 0.000000E+00
 1176 , 0.232808E+05 , 0.000000E+00 , 0.000000E+00
 1177 , 0.233008E+05 , 0.000000E+00 , 0.000000E+00
 1178 , 0.233208E+05 , 0.000000E+00 , 0.000000E+00
 1179 , 0.233408E+05 , 0.000000E+00 , 0.000000E+00
 1180 , 0.233608E+05 , 0.000000E+00 , 0.000000E+00
 1181 , 0.233808E+05 , 0.000000E+00 , 0.000000E+00
 1182 , 0.234008E+05 , 0.000000E+00 , 0.000000E+00
 1183 , 0.234208E+05 , 0.000000E+00 , 0.000000E+00
 1184 , 0.234408E+05 , 0.000000E+00 , 0.000000E+00
 1185 , 0.234608E+05 , 0.000000E+00 , 0.000000E+00
 1186 , 0.234808E+05 , 0.000000E+00 , 0.000000E+00
 1187 , 0.235008E+05 , 0.000000E+00 , 0.000000E+00
 1188 , 0.235208E+05 , 0.000000E+00 , 0.000000E+00
 1189 , 0.235408E+05 , 0.000000E+00 , 0.000000E+00
 1190 , 0.235608E+05 , 0.000000E+00 , 0.000000E+00
 1191 , 0.235808E+05 , 0.000000E+00 , 0.000000E+00
 1192 , 0.236008E+05 , 0.000000E+00 , 0.000000E+00
 1193 , 0.236208E+05 , 0.000000E+00 , 0.000000E+00
 1194 , 0.236408E+05 , 0.000000E+00 , 0.000000E+00
 1195 , 0.236608E+05 , 0.000000E+00 , 0.000000E+00
 1196 , 0.236808E+05 , 0.000000E+00 , 0.000000E+00
 1197 , 0.237008E+05 , 0.000000E+00 , 0.000000E+00
 1198 , 0.237208E+05 , 0.000000E+00 , 0.000000E+00
 1199 , 0.237408E+05 , 0.000000E+00 , 0.000000E+00
 1200 , 0.237608E+05 , 0.000000E+00 , 0.000000E+00
 1201 , 0.237808E+05 , 0.000000E+00 , 0.000000E+00
 1202 , 0.238008E+05 , 0.000000E+00 , 0.000000E+00
 1203 , 0.238208E+05 , 0.000000E+00 , 0.000000E+00
 1204 , 0.238408E+05 , 0.000000E+00 , 0.000000E+00
 1205 , 0.238608E+05 , 0.000000E+00 , 0.000000E+00
 1206 , 0.238808E+05 , 0.000000E+00 , 0.000000E+00
 1207 , 0.239008E+05 , 0.000000E+00 , 0.000000E+00
 1208 , 0.239208E+05 , 0.000000E+00 , 0.000000E+00
 1209 , 0.239408E+05 , 0.000000E+00 , 0.000000E+00
 1210 , 0.239608E+05 , 0.000000E+00 , 0.000000E+00
 1211 , 0.239808E+05 , 0.000000E+00 , 0.000000E+00
 1212 , 0.240008E+05 , 0.000000E+00 , 0.000000E+00
 1213 , 0.240208E+05 , 0.000000E+00 , 0.000000E+00
 1214 , 0.240408E+05 , 0.000000E+00 , 0.000000E+00
 1215 , 0.240608E+05 , 0.000000E+00 , 0.000000E+00
 1216 , 0.240808E+05 , 0.000000E+00 , 0.000000E+00
 1217 , 0.241008E+05 , 0.000000E+00 , 0.000000E+00
 1218 , 0.241208E+05 , 0.000000E+00 , 0.000000E+00
 1219 , 0.241408E+05 , 0.000000E+00 , 0.000000E+00
 1220 , 0.241608E+05 , 0.000000E+00 , 0.000000E+00
 1221 , 0.241808E+05 , 0.000000E+00 , 0.000000E+00
 1222 , 0.242008E+05 , 0.000000E+00 , 0.000000E+00
 1223 , 0.242208E+05 , 0.000000E+00 , 0.000000E+00
 1224 , 0.242408E+05 , 0.000000E+00 , 0.000000E+00
 1225 , 0.242608E+05 , 0.000000E+00 , 0.000000E+00
 1226 , 0.242808E+05 , 0.000000E+00 , 0.000000E+00
 1227 , 0.243008E+05 , 0.000000E+00 , 0.000000E+00
 1228 , 0.243208E+05 , 0.000000E+00 , 0.000000E+00
 1229 , 0.243408E+05 , 0.000000E+00 , 0.000000E+00
 1230 , 0.243608E+05 , 0.000000E+00 , 0.000000E+00
 1231 , 0.243808E+05 , 0.000000E+00 , 0.000000E+00
 1232 , 0.244008E+05 , 0.000000E+00 , 0.000000E+00
 1233 , 0.244208E+05 , 0.000000E+00 , 0.000000E+00
 1234 , 0.244408E+05 , 0.000000E+00 , 0.000000E+00
 1235 , 0.244608E+05 , 0.000000E+00 , 0.000000E+00
 1236 , 0.244808E+05 , 0.000000E+00 , 0.000000E+00
 1237 , 0.245008E+05 , 0.000000E+00 , 0.000000E+00
 1238 , 0.245208E+05 , 0.000000E+00 , 0.000000E+00
 1239 , 0.245408E+05 , 0.000000E+00 , 0.000000E+00
 1240 , 0.245608E+05 , 0.000000E+00 , 0.000000E+00
 1241 , 0.245808E+05 , 0.000000E+00 , 0.000000E+00
 1242 , 0.246008E+05 , 0.000000E+00 , 0.000000E+00
 1243 , 0.246208E+05 , 0.000000E+00 , 0.000000E+00
 1244 , 0.246408E+05 , 0.000000E+00 , 0.000000E+00
 1245 , 0.246608E+05 , 0.000000E+00 , 0.000000E+00
 1246 , 0.246808E+05 , 0.000000E+00 , 0.000000E+00
 1247 , 0.247008E+05 , 0.000000E+00 , 0.000000E+00
 1248 , 0.247208E+05 , 0.000000E+00 , 0.000000E+00
 1249 , 0.247408E+05 , 0.000000E+00 , 0.000000E+00
 1250 , 0.247608E+05 , 0.000000E+00 , 0.000000E+00
 1251 , 0.247808E+05 , 0.000000E+00 , 0.000000E+00
 1252 , 0.248008E+05 , 0.000000E+00 , 0.000000E+00
 1253 , 0.248208E+05 , 0.000000E+00 , 0.000000E+00
 1254 , 0.248408E+05 , 0.000000E+00 , 0.000000E+00
 1255 , 0.248608E+05 , 0.000000E+00 , 0.000000E+00
 1256 , 0.248808E+05 , 0.000000E+00 , 0.000000E+00
 1257 , 0.249008E+05 , 0.000000E+00 , 0.000000E+00
 1258 , 0.249208E+05 , 0.000000E+00 , 0.000000E+00
 1259 , 0.249408E+05 , 0.000000E+00 , 0.000000E+00
 1260 , 0.249608E+05 , 0.000000E+00 , 0.000000E+00
 1261 , 0.249808E+05 , 0.000000E+00 , 0.000000E+00
 1262 , 0.250008E+05 , 0.000000E+00 , 0.000000E+00
 1263 , 0.250208E+05 , 0.000000E+00 , 0.000000E+00
 1264 , 0.250408E+05 , 0.000000E+00 , 0.000000E+00
 1265 , 0.250608E+05 , 0.000000E+00 , 0.000000E+00
 1266 , 0.250808E+05 , 0.000000E+00 , 0.000000E+00
 1267 , 0.251008E+05 , 0.000000E+00 , 0.000000E+00
 1268 , 0.251208E+05 , 0.000000E+00 , 0.000000E+00
 1269 , 0.251408E+05 , 0.000000E+00 , 0.000000E+00
 1270 , 0.251608E+05 , 0.000000E+00 , 0.000000E+00
 1271 , 0.251808E+05 , 0.000000E+00 , 0.000000E+00
 1272 , 0.252008E+05 , 0.000000E+00 , 0.000000E+00
 1273 , 0.252208E+05 , 0.000000E+00 , 0.000000E+00
 1274 , 0.252408E+05 , 0.000000E+00 , 0.000000E+00
 1275 , 0.252608E+05 , 0.000000E+00 , 0.000000E+00
 1276 , 0.252808E+05 , 0.000000E+00 , 0.000000E+00
 1277 , 0.253008E+05 , 0.000000E+00 , 0.000000E+00
 1278 , 0.253208E+05 , 0.000000E+00 , 0.000000E+00
 1279 , 0.253408E+05 , 0.000000E+00 , 0.000000E+00
 1280 , 0.253608E+05 , 0.000000E+00 , 0.000000E+00
 1281 , 0.253808E+05 , 0.000000E+00 , 0.000000E+00
 1282 , 0.254008E+05 , 0.000000E+00 , 0.000000E+00
 1283 , 0.254208E+05 , 0.000000E+00 , 0.000000E+00
 1284 , 0.254408E+05 , 0.000000E+00 , 0.000000E+00
 1285 , 0.254608E+05 , 0.000000E+00 , 0.000000E+00
 1286 , 0.254808E+05 , 0.000000E+00 , 0.000000E+00
 1287 , 0.255008E+05 , 0.000000E+00 , 0.000000E+00
 1288 , 0.255208E+05 , 0.000000E+00 , 0.000000E+00
 1289 , 0.255408E+05 , 0.000000E+00 , 0.000000E+00
 1290 , 0.255608E+05 , 0.000000E+00 , 0.000000E+00
 1291 , 0.255808E+05 , 0.000000E+00 , 0.000000E+00
 1292 , 0.256008E+05 , 0.000000E+00 , 0.000000E+00
 1293 , 0.256208E+05 , 0.000000E+00 , 0.000000E+00
 1294 , 0.256408E+05 , 0.000000E+00 , 0.000000E+00
 1295 , 0.256608E+05 , 0.000000E+00 , 0.000000E+00
 1296 , 0.256808E+05 , 0.000000E+00 , 0.000000E+00
 1297 , 0.257008E+05 , 0.000000E+00 , 0.000000E+00
 1298 , 0.257208E+05 , 0.000000E+00 , 0.000000E+00
 1299 , 0.257408E+05 , 0.000000E+00 , 0.000000E+00
 1300 , 0.257608E+05 , 0.000000E+00 , 0.000000E+00
 1301 , 0.257808E+05 , 0.000000E+00 , 0.000000E+00
 1302 , 0.258008E+05 , 0.000000E+00 , 0.000000E+00
 1303 , 0.258208E+05 , 0.000000E+00 , 0.000000E+00
 1304 , 0.258408E+05 , 0.000000E+00 , 0.000000E+00
 1305 , 0.258608E+05 , 0.000000E+00 , 0.000000E+00
 1306 , 0.258808E+05 , 0.000000E+00 , 0.000000E+00
 1307 , 0.259008E+05 , 0.000000E+00 , 0.000000E+00
 1308 , 0.259208E+05 , 0.000000E+00 , 0.000000E+00
 1309 , 0.259408E+05 , 0.000000E+00 , 0.000000E+00
 1310 , 0.259608E+05 , 0.000000E+00 , 0.000000E+00
 1311 , 0.259808E+05 , 0.000000E+00 , 0.000000E+00
 1312 , 0.260008E+05 , 0.000000E+00 , 0.000000E+00
 1313 , 0.260208E+05 , 0.000000E+00 , 0.000000E+00
 1314 , 0.260408E+05 , 0.000000E+00 , 0.000000E+00
 1315 , 0.260608E+05 , 0.000000E+00 , 0.000000E+00
 1316 , 0.260808E+05 , 0.000000E+00 , 0.000000E+00
 1317 , 0.261008E+05 , 0.000000E+00 , 0.000000E+00
 1318 , 0.261208E+05 , 0.000000E+00 , 0.000000E+00
 1319 , 0.261408E+05 , 0.000000E+00 , 0.000000E+00
 1320 , 0.261608E+05 , 0.000000E+00 , 0.000000E+00
 1321 , 0.261808E+05 , 0.000000E+00 , 0.000000E+00
 1322 , 0.262008E+05 , 0.000000E+00 , 0.000000E+00
 1323 , 0.262208E+05 , 0.000000E+00 , 0.000000E+00
 1324 , 0.262408E+05 , 0.000000E+00 , 0.000000E+00
 1325 , 0.262608E+05 , 0.000000E+00 , 0.000000E+00
 1326 , 0.262808E+05 , 0.000000E+00 , 0.000000E+00
 1327 , 0.263008E+05 , 0.000000E+00 , 0.000000E+00
 1328 , 0.263208E+05 , 0.000000E+00 , 0.000000E+00
 1329 , 0.263408E+05 , 0.000000E+00 , 0.000000E+00
 1330 , 0.263608E+05 , 0.000000E+00 , 0.000000E+00
 1331 , 0.263808E+05 , 0.000000E+00 , 0.000000E+00
 1332 , 0.264008E+05 , 0.000000E+00 , 0.000000E+00
 1333 , 0.264208E+05 , 0.000000E+00 , 0.000000E+00
 1334 , 0.264408E+05 , 0.000000E+00 , 0.000000E+00
 1335 , 0.264608E+05 , 0.000000E+00 , 0.000000E+00
 1336 , 0.264808E+05 , 0.000000E+00 , 0.000000E+00
 1337 , 0.265008E+05 , 0.000000E+00 , 0.000000E+00
 1338 , 0.265208E+05 , 0.000000E+00 , 0.000000E+00
 1339 , 0.265408E+05 , 0.000000E+00 , 0.000000E+00
 1340 , 0.265608E+05 , 0.000000E+00 , 0.000000E+00
 1341 , 0.265808E+05 , 0.000000E+00 , 0.000000E+00
 1342 , 0.266008E+05 , 0.000000E+00 , 0.000000E+00
 1343 , 0.266208E+05 , 0.000000E+00 , 0.000000E+00
 1344 , 0.266408E+05 , 0.000000E+00 , 0.000000E+00
 1345 , 0.266608E+05 , 0.000000E+00 , 0.000000E+00
 1346 , 0.266808E+05 , 0.000000E+00 , 0.000000E+00
 1347 , 0.267008E+05 , 0.000000E+00 , 0.000000E+00
 1348 , 0.267208E+05 , 0.000000E+00 , 0.000000E+00
 1349 , 0.267408E+05 , 0.000000E+00 , 0.000000E+00
 1350 , 0.267608E+05 , 0.000000E+00 , 0.000000E+00
 1351 , 0.267808E+05 , 0.000000E+00 , 0.000000E+00
 1352 , 0.268008E+05 , 0.000000E+00 , 0.000000E+00
 1353 , 0.268208E+05 , 0.000000E+00 , 0.000000E+00
 1354 , 0.268408E+05 , 0.000000E+00 , 0.000000E+00
 1355 , 0.268608E+05 , 0.000000E+00 , 0.000000E+00
 1356 , 0.268808E+05 , 0.000000E+00 , 0.000000E+00
 1357 , 0.269008E+05 , 0.000000E+00 , 0.000000E+00
 1358 , 0.269208E+05 , 0.000000E+00 , 0.000000E+00
 1359 , 0.269408E+05 , 0.000000E+00 , 0.000000E+00
 1360 , 0.269608E+05 , 0.000000E+00 , 0.000000E+00
 1361 , 0.269808E+05 , 0.000000E+00 , 0.000000E+00
 1362 , 0.270008E+05 , 0.000000E+00 , 0.000000E+00
 1363 , 0.270208E+05 , 0.000000E+00 , 0.000000E+00
 1364 , 0.270408E+05 , 0.000000E+00 , 0.000000E+00
 1365 , 0.270608E+05 , 0.000000E+00 , 0.000000E+00
 1366 , 0.270808E+05 , 0.000000E+00 , 0.000000E+00
 1367 , 0.271008E+05 , 0.000000E+00 , 0.000000E+00
 1368 , 0.271208E+05 , 0.000000E+00 , 0.000000E+00
 1369 , 0.271408E+05 , 0.000000E+00 , 0.000000E+00
 1370 , 0.271608E+05 , 0.000000E+00 , 0.000000E+00
 1371 , 0.271808E+05 , 0.000000E+00 , 0.000000E+00
 1372 , 0.272008E+05 , 0.000000E+00 , 0.000000E+00
 1373 , 0.272208E+05 , 0.000000E+00 , 0.000000E+00
 1374 , 0.272408E+05 , 0.000000E+00 , 0.000000E+00
 1375 , 0.272608E+05 , 0.000000E+00 , 0.000000E+00
 1376 , 0.272808E+05 , 0.000000E+00 , 0.000000E+00
 1377 , 0.273008E+05 , 0.000000E+00 , 0.000000E+00
 1378 , 0.273208E+05 , 0.000000E+00 , 0.000000E+00
 1379 , 0.273408E+05 , 0.000000E+00 , 0.000000E+00
 1380 , 0.273608E+05 , 0.000000E+00 , 0.000000E+00
 1381 , 0.273808E+05 , 0.000000E+00 , 0.000000E+00
 1382 , 0.274008E+05 , 0.000000E+00 , 0.000000E+00
 1383 , 0.274208E+05 , 0.000000E+00 , 0.000000E+00
 1384 , 0.274408E+05 , 0.000000E+00 , 0.000000E+00
 1385 , 0.274608E+05 , 0.000000E+00 , 0.000000E+00
 1386 , 0.274808E+05 , 0.000000E+00 , 0.000000E+00
 1387 , 0.275008E+05 , 0.000000E+00 , 0.000000E+00
 1388 , 0.275208E+05 , 0.000000E+00 , 0.000000E+00
 1389 , 0.275408E+05 , 0.000000E+00 , 0.000000E+00
 1390 , 0.275608E+05 , 0.000000E+00 , 0.000000E+00
 1391 , 0.275808E+05 , 0.000000E+00 , 0.000000E+00
 1392 , 0.276008E+05 , 0.000000E+00 , 0.000000E+00
 1393 , 0.276208E+05 , 0.000000E+00 , 0.000000E+00
 1394 , 0.276408E+05 , 0.000000E+00 , 0.000000E+00
 1395 , 0.276608E+05 , 0.000000E+00 , 0.000000E+00
 1396 , 0.276808E+05 , 0.000000E+00 , 0.000000E+00
 1397 , 0.277008E+05 , 0.000000E+00 , 0.000000E+00
 1398 , 0.277208E+05 , 0.000000E+00 , 0.000000E+00
 1399 , 0.277408E+05 , 0.000000E+00 , 0.000000E+00
 1400 , 0.277608E+05 , 0.000000E+00 , 0.000000E+00
 1401 , 0.277808E+05 , 0.000000E+00 , 0.000000E+00
 1402 , 0.278008E+05 , 0.000000E+00 , 0.000000E+00
 1403 , 0.278208E+05 , 0.000000E+00 , 0.000000E+00
 1404 , 0.278408E+05 , 0.000000E+00 , 0.000000E+00
 1405 , 0.278608E+05 , 0.000000E+00 , 0.000000E+00
 1406 , 0.278808E+05 , 0.000000E+00 , 0.000000E+00
 1407 , 0.279008E+05 , 0.000000E+00 , 0.000000E+00
 1408 , 0.279208E+05 , 0.000000E+00 , 0.000000E+00
 1409 , 0.279408E+05 , 0.000000E+00 , 0.000000E+00
 1410 , 0.279608E+05 , 0.000000E+00 , 0.000000E+00
 1411 , 0.279808E+05 , 0.000000E+00 , 0.000000E+00
 1412 , 0.280008E+05 , 0.000000E+00 , 0.000000E+00
 1413 , 0.280208E+05 , 0.000000E+00 , 0.000000E+00
 1414 , 0.280408E+05 , 0.000000E+00 , 0.000000E+00
 1415 , 0.280608E+05 , 0.000000E+00 , 0.000000E+00
 1416 , 0.280808E+05 , 0.000000E+00 , 0.000000E+00
 1417 , 0.281008E+05 , 0.000000E+00 , 0.000000E+00
 1418 , 0.281208E+05 , 0.000000E+00 , 0.000000E+00
 1419 , 0.281408E+05 , 0.000000E+00 , 0.000000E+00
 1420 , 0.281608E+05 , 0.000000E+00 , 0.000000E+00
 1421 , 0.281808E+05 , 0.000000E+00 , 0.000000E+00
 1422 , 0.282008E+05 , 0.000000E+00 , 0.000000E+00
 1423 , 0.282208E+05 , 0.000000E+00 , 0.000000E+00
 1424 , 0.282408E+05 , 0.000000E+00 , 0.000000E+00
 1425 , 0.282608E+05 , 0.000000E+00 , 0.000000E+00
 1426 , 0.282808E+05 , 0.000000E+00 , 0.000000E+00
 1427 , 0.283008E+05 , 0.000000E+00 , 0.000000E+00
 1428 , 0.283208E+05 , 0.000000E+00 , 0.000000E+00
 1429 , 0.283408E+05 , 0.000000E+00 , 0.000000E+00
 1430 , 0.283608E+05 , 0.000000E+00 , 0.000000E+00
 1431 , 0.283808E+05 , 0.000000E+00 , 0.000000E+00
 1432 , 0.284008E+05 , 0.000000E+00 , 0.000000E+00
 1433 , 0.284208E+05 , 0.000000E+00 , 0.000000E+00
 1434 , 0.284408E+05 , 0.000000E+00 , 0.000000E+00
 1435 , 0.284608E+05 , 0.000000E+00 , 0.000000E+00
 1436 , 0.284808E+05 , 0.000000E+00 , 0.000000E+00
 1437 , 0.285008E+05 , 0.000000E+00 , 0.000000E+00
 1438 , 0.285208E+05 , 0.000000E+00 , 0.000000E+00
 1439 , 0.285408E+05 , 0.000000E+00 , 0.000000E+00
 1440 , 0.285608E+05 , 0.000000E+00 , 0.000000E+00
 1441 , 0.285808E+05 , 0.000000E+00 , 0.000000E+00
 1442 , 0.286008E+05 , 0.000000E+00 , 0.000000E+00
 1443 , 0.286208E+05 , 0.000000E+00 , 0.000000E+00
 1444 , 0.286408E+05 , 0.000000E+00 , 0.000000E+00
 1445 , 0.286608E+05 , 0.000000E+00 , 0.000000E+00
 1446 , 0.286808E+05 , 0.000000E+00 , 0.000000E+00
 1447 , 0.287008E+05 , 0.000000E+00 , 0.000000E+00
 1448 , 0.287208E+05 , 0.000000E+00 , 0.000000E+00
 1449 , 0.287408E+05 , 0.000000E+00 , 0.000000E+00
 1450 , 0.287608E+05 , 0.000000E+00 , 0.000000E+00
 1451 , 0.287808E+05 , 0.000000E+00 , 0.000000E+00
 1452 , 0.288008E+05 , 0.000000E+00 , 0.000000E+00
 1453 , 0.288208E+05 , 0.000000E+00 , 0.000000E+00
 1454 , 0.288408E+05 , 0.000000E+00 , 0.000000E+00
 1455 , 0.288608E+05 , 0.000000E+00 , 0.000000E+00
 1456 , 0.288808E+05 , 0.000000E+00 , 0.000000E+00
 1457 , 0.289008E+05 , 0.000000E+00 , 0.000000E+00
 1458 , 0.289208E+05 , 0.000000E+00 , 0.000000E+00
 1459 , 0.289408E+05 , 0.000000E+00 , 0.000000E+00
 1460 , 0.289608E+05 , 0.000000E+00 , 0.000000E+00
 1461 , 0.289808E+05 , 0.000000E+00 , 0.000000E+00
 1462 , 0.290008E+05 , 0.000000E+00 , 0.000000E+00
 1463 , 0.290208E+05 , 0.000000E+00 , 0.000000E+00
 1464 , 0.290408E+05 , 0.000000E+00 , 0.000000E+00
 1465 , 0.290608E+05 , 0.000000E+00 , 0.000000E+00
 1466 , 0.290808E+05 , 0.000000E+00 , 0.000000E+00
 1467 , 0.291008E+05 , 0.000000E+00 , 0.000000E+00
 1468 , 0.291208E+05 , 0.000000E+00 , 0.000000E+00
 1469 , 0.291408E+05 , 0.000000E+00 , 0.000000E+00
 1470 , 0.291608E+05 , 0.000000E+00 , 0.000000E+00
 1471 , 0.291808E+05 , 0.000000E+00 , 0.000000E+00
 1472 , 0.292008E+05 , 0.000000E+00 , 0.000000E+00
 1473 , 0.292208E+05 , 0.000000E+00 , 0.000000E+00
 1474 , 0.292408E+05 , 0.000000E+00 , 0.000000E+00
 1475 , 0.292608E+05 , 0.000000E+00 , 0.000000E+00
 1476 , 0.292808E+05 , 0.000000E+00 , 0.000000E+00
 1477 , 0.293008E+05 , 0.000000E+00 , 0.000000E+00
 1478 , 0.293208E+05 , 0.000000E+00 , 0.000000E+00
 1479 , 0.293408E+05 , 0.000000E+00 , 0.000000E+00
 1480 , 0.293608E+05 , 0.000000E+00 , 0.000000E+00
 1481 , 0.293808E+05 , 0.000000E+00 , 0.000000E+00
 1482 , 0.294008E+05 , 0.000000E+00 , 0.000000E+00
 1483 , 0.294208E+05 , 0.000000E+00 , 0.000000E+00
 1484 , 0.294408E+05 , 0.000000E+00 , 0.000000E+00
 1485 , 0.294608E+05 , 0.000000E+00 , 0.000000E+00
 1486 , 0.294808E+05 , 0.000000E+00 , 0.000000E+00
 1487 , 0.295008E+05 , 0.000000E+00 , 0.000000E+00
 1488 , 0.295208E+05 , 0.000000E+00 , 0.000000E+00
 1489 , 0.295408E+05 , 0.000000E+00 , 0.000000E+00
 1490 , 0.295608E+05 , 0.000000E+00 , 0.000000E+00
 1491 , 0.295808E+05 , 0.000000E+00 , 0.000000E+00
 1492 , 0.296008E+05 , 0.000000E+00 , 0.000000E+00
 1493 , 0.296208E+05 , 0.000000E+00 , 0.000000E+00
 1494 , 0.296408E+05 , 0.000000E+00 , 0.000000E+00
 1495 , 0.296608E+05 , 0.000000E+00 , 0.000000E+00
 1496 , 0.296808E+05 , 0.000000E+00 , 0.000000E+00
 1497 , 0.297008E+05 , 0.000000E+00 , 0.000000E+00
 1498 , 0.297208E+05 , 0.000000E+00 , 0.000000E+00
 1499 , 0.297408E+05 , 0.000000E+00 , 0.000000E+00
 1500 , 0.297608E+05 , 0.000000E+00 , 0.000000E+00
 1501 , 0.297808E+05 , 0.000000E+00 , 0.000000E+00
 1502 , 0.298008E+05 , 0.000000E+00 , 0.000000E+00
 1503 , 0.298208E+05 , 0.000000E+00 , 0.000000E+00
 1504 , 0.298408E+05 , 0.000000E+00 , 0.000000E+00
 1505 , 0.298608E+05 , 0.000000E+00 , 0.000000E+00
 1506 , 0.298808E+05 , 0.000000E+00 , 0.000000E+00
 1507 , 0.299008E+05 , 0.000000E+00 , 0.000000E+00
 1508 , 0.299208E+05 , 0.000000E+00 , 0.000000E+00
 1509 , 0.299408E+05 , 0.000000E+00 , 0.000000E+00
 1510 , 0.299608E+05 , 0.000000E+00 , 0.000000E+00
 1511 , 0.299808E+05 , 0.000000E+00 , 0.000000E+00
 1512 , 0.300008E+05 , 0.000000E+00 , 0.000000E+00
 1513 , 0.300208E+05 , 0.000000E+00 , 0.000000E+00
 1514 , 0.300408E+05 , 0.000000E+00 , 0.000000E+00
 1515 , 0.300608E+05 , 0.000000E+00 , 0.000000E+00
 1516 , 0.300808E+05 , 0.000000E+00 , 0.000000E+00
 1517 , 0.301008E+05 , 0.000000E+00 , 0.000000E+00
 1518 , 0.301208E+05 , 0.000000E+00 , 0.000000E+00
 1519 , 0.301408E+05 , 0.000000E+00 , 0.000000E+00
 1520 , 0.301608E+05 , 0.000000E+00 , 0.000000E+00
 1521 , 0.301808E+05 , 0.000000E+00 , 0.000000E+00
 1522 , 0.302008E+05 , 0.000000E+00 , 0.000000E+00
 1523 , 0.302208E+05 , 0.000000E+00 , 0.000000E+00
 1524 , 0.302408E+05 , 0.000000E+00 , 0.000000E+00
 1525 , 0.302608E+05 , 0.000000E+00 , 0.000000E+00
 1526 , 0.302808E+05 , 0.000000E+00 , 0.000000E+00
 1527 , 0.303008E+05 , 0.000000E+00 , 0.000000E+00
 1528 , 0.303208E+05 , 0.000000E+00 , 0.000000E+00
 1529 , 0.303408E+05 , 0.000000E+00 , 0.000000E+00
 1530 , 0.303608E+05 , 0.000000E+00 , 0.000000E+00
 1531 , 0.303808E+05 , 0.000000E+00 , 0.000000E+00
 1532 , 0.304008E+05 , 0.000000E+00 , 0.000000E+00
 1533 , 0.304208E+05 , 0.000000E+00 , 0.000000E+00
 1534 , 0.304408E+05 , 0.000000E+00 , 0.000000E+00
 1535 , 0.304608E+05 , 0.000000E+00 , 0.000000E+00
 1536 , 0.304808E+05 , 0.000000E+00 , 0.000000E+00
 1537 , 0.305008E+05 , 0.000000E+00 , 0.000000E+00
 1538 , 0.305208E+05 , 0.000000E+00 , 0.000000E+00
 1539 , 0.305408E+05 , 0.000000E+00 , 0.000000E+00
 1540 , 0.305608E+05 , 0.000000E+00 , 0.000000E+00
 1541 , 0.305808E+05 , 0.000000E+00 , 0.000000E+00
 1542 , 0.306008E+05 , 0.000000E+00 , 0.000000E+00
 1543 , 0.306208E+05 , 0.000000E+00 , 0.000000E+00
 1544 , 0.306408E+05 , 0.000000E+00 , 0.000000E+00
 1545 , 0.306608E+05 , 0.000000E+00 , 0.000000E+00
 1546 , 0.306808E+05 , 0.000000E+00 , 0.000000E+00
 1547 , 0.307008E+05 , 0.000000E+00 , 0.000000E+00
 1548 , 0.307208E+05 , 0.000000E+00 , 0.000000E+00
 1549 , 0.307408E+05 , 0.000000E+00 , 0.000000E+00
 1550 , 0.307608E+05 , 0.000000E+00 , 0.000000E+00
 1551 , 0.307808E+05 , 0.000000E+00 , 0.000000E+00
 1552 , 0.308008E+05 , 0.000000E+00 , 0.000000E+00
 1553 , 0.308208E+05 , 0.000000E+00 , 0.000000E+00
 1554 , 0.308408E+05 , 0.000000E+00 , 0.000000E+00
 1555 , 0.308608E+05 , 0.000000E+00 , 0.000000E+00
 1556 , 0.308808E+05 , 0.000000E+00 , 0.000000E+00
 1557 , 0.309008E+05 , 0.000000E+00 , 0.000000E+00
 1558 , 0.309208E+05 , 0.000000E+00 , 0.000000E+00
 1559 , 0.309408E+05 , 0.000000E+00 , 0.000000E+00
 1560 , 0.309608E+05 , 0.000000E+00 , 0.000000E+00
 1561 , 0.309808E+05 , 0.000000E+00 , 0.000000E+00
 1562 , 0.310008E+05 , 0.000000E+00 , 0.000000E+00
 1563 , 0.310208E+05 , 0.000000E+00 , 0.000000E+00
 1564 , 0.310408E+05 , 0.000000E+00 , 0.000000E+00
 1565 , 0.310608E+05 , 0.000000E+00 , 0.000000E+00
 1566 , 0.310808E+05 , 0.000000E+00 , 0.000000E+00
 1567 , 0.311008E+05 , 0.000000E+00 , 0.000000E+00
 1568 , 0.311208E+05 , 0.000000E+00 , 0.000000E+00
 1569 , 0.311408E+05 , 0.000000E+00 , 0.000000E+00
 1570 , 0.311608E+05 , 0.000000E+00 , 0.000000E+00
 1571 , 0.311808E+05 , 0.000000E+00 , 0.000000E+00
 1572 , 0.312008E+05 , 0.000000E+00 , 0.000000E+00
 1573 , 0.312208E+05 , 0.000000E+00 , 0.000000E+00
 1574 , 0.312408E+05 , 0.000000E+00 , 0.000000E+00
 1575 , 0.312608E+05 , 0.000000E+00 , 0.000000E+00
 1576 , 0.312808E+05 , 0.000000E+00 , 0.000000E+00
 1577 , 0.313008E+05 , 0.000000E+00 , 0.000000E+00
 1578 , 0.313208E+05 , 0.000000E+00 , 0.000000E+00
 1579 , 0.313408E+05 , 0.000000E+00 , 0.000000E+00
 1580 , 0.313608E+05 , 0.000000E+00 , 0.000000E+00
 1581 , 0.313808E+05 , 0.000000E+00 , 0.000000E+00
 1582 , 0.314008E+05 , 0.000000E+00 , 0.000000E+00
 1583 , 0.314208E+05 , 0.000000E+00 , 0.000000E+00
 1584 , 0.314408E+05 , 0.000000E+00 , 0.000000E+00
 1585 , 0.314608E+05 , 0.000000E+00 , 0.000000E+00
 1586 , 0.314808E+05 , 0.000000E+00 , 0.000000E+00
 1587 , 0.315008E+05 , 0.000000E+00 , 0.000000E+00
 1588 , 0.315208E+05 , 0.000000E+00 , 0.000000E+00
 1589 , 0.315408E+05 , 0.000000E+00 , 0.000000E+00
 1590 , 0.315608E+05 , 0.000000E+00 , 0.000000E+00
 1591 , 0.315808E+05 , 0.000000E+00 , 0.000000E+00
 1592 , 0.316008E+05 , 0.000000E+00 , 0.000000E+00
 1593 , 0.316208E+05 , 0.000000E+00 , 0.000000E+00
 1594 , 0.316408E+05 , 0.000000E+00 , 0.000000E+00
 1595 , 0.316608E+05 , 0.000000E+00 , 0.000000E+00
 1596 , 0.316808E+05 , 0.000000E+00 , 0.000000E+00
 1597 , 0.317008E+05 , 0.000000E+00 , 0.000000E+00
 1598 , 0.317208E+05 , 0.000000E+00 , 0.000000E+00
 1599 , 0.317408E+05 , 0.000000E+00 , 0.000000E+00
 1600 , 0.317608E+05 , 0.000000E+00 , 0.000000E+00
 1601 , 0.317808E+05 , 0.000000E+00 , 0.000000E+00
 1602 , 0.318008E+05 , 0.000000E+00 , 0.000000E+00
 1603 , 0.318208E+05 , 0.000000E+00 , 0.000000E+00
 1604 , 0.318408E+05 , 0.000000E+00 , 0.000000E+00
 1605 , 0.318608E+05 , 0.000000E+00 , 0.000000E+00
 1606 , 0.318808E+05 , 0.000000E+00 , 0.000000E+00
 1607 , 0.319008E+05 , 0.000000E+00 , 0.000000E+00
 1608 , 0.319208E+05 , 0.000000E+00 , 0.000000E+00
 1609 , 0.319408E+05 , 0.000000E+00 , 0.000000E+00
 1610 , 0.319608E+05 , 0.000000E+00 , 0.000000E+00
 1611 , 0.319808E+05 , 0.000000E+00 , 0.000000E+00
 1612 , 0.320008E+05 , 0.000000E+00 , 0.000000E+00
 1613 , 0.320208E+05 , 0.000000E+00 , 0.000000E+00
 1614 , 0.320408E+05 , 0.000000E+00 , 0.000000E+00
 1615 , 0.320608E+05 , 0.000000E+00 , 0.000000E+00
 1616 , 0.320808E+05 , 0.000000E+00 , 0.000000E+00
 1617 , 0.321008E+05 , 0.000000E+00 , 0.000000E+00
 1618 , 0.321208E+05 , 0.000000E+00 , 0.000000E+00
 1619 , 0.321408E+05 , 0.000000E+00 , 0.000000E+00
 1620 , 0.321608E+05 , 0.000000E+00 , 0.000000E+00
 1621 , 0.321808E+05 , 0.000000E+00 , 0.000000E+00
 1622 , 0.322008E+05 , 0.000000E+00 , 0.000000E+00
 1623 , 0.322208E+05 , 0.000000E+00 , 0.000000E+00
 1624 , 0.322408E+05 , 0.000000E+00 , 0.000000E+00
 1625 , 0.322608E+05 , 0.000000E+00 , 0.000000E+00
 1626 , 0.322808E+05 , 0.000000E+00 , 0.000000E+00
 1627 , 0.323008E+05 , 0.000000E+00 , 0.000000E+00
 1628 , 0.323208E+05 , 0.000000E+00 , 0.000000E+00
 1629 , 0.323408E+05 , 0.000000E+00 , 0.000000E+00
 1630 , 0.323608E+05 , 0.000000E+00 , 0.000000E+00
 1631 , 0.323808E+05 , 0.000000E+00 , 0.000000E+00
 1632 , 0.324008E+05 , 0.000000E+00 , 0.000000E+00
 1633 , 0.324208E+05 , 0.000000E+00 , 0.000000E+00
 1634 , 0.324408E+05 , 0.000000E+00 , 0.000000E+00
 1635 , 0.324608E+05 , 0.000000E+00 , 0.000000E+00
 1636 , 0.324808E+05 , 0.000000E+00 , 0.000000E+00
 1637 , 0.325008E+05 , 0.000000E+00 , 0.000000E+00
 1638 , 0.325208E+05 , 0.000000E+00 , 0.000000E+00
 1639 , 0.325408E+05 , 0.000000E+00 , 0.000000E+00
 1640 , 0.325608E+05 , 0.000000E+00 , 0.000000E+00
 1641 , 0.325808E+05 , 0.000000E+00 , 0.000000E+00
 1642 , 0.326008E+05 , 0.000000E+00 , 0.000000E+00
 1643 , 0.326208E+05 , 0.000000E+00 , 0.000000E+00
 1644 , 0.326408E+05 , 0.000000E+00 , 0.000000E+00
 1645 , 0.326608E+05 , 0.000000E+00 , 0.000000E+00
 1646 , 0.326808E+05 , 0.000000E+00 , 0.000000E+00
 1647 , 0.327008E+05 , 0.000000E+00 , 0.000000E+00
 1648 , 0.327208E+05 , 0.000000E+00 , 0.000000E+00
 1649 , 0.327408E+05 , 0.000000E+00 , 0.000000E+00
 1650 , 0.327608E+05 , 0.000000E+00 , 0.000000E+00
 1651 , 0.327808E+05 , 0.000000E+00 , 0.000000E+00
 1652 , 0.328008E+05 , 0.000000E+00 , 0.000000E+00
 1653 , 0.328208E+05 , 0.000000E+00 , 0.000000E+00
 1654 , 0.328408E+05 , 0.000000E+00 , 0.000000E+00
 1655 , 0.328608E+05 , 0.000000E+00 , 0.000000E+00
 1656 , 0.328808E+05 , 0.000000E+00 , 0.000000E+00
 1657 , 0.329008E+05 , 0.000000E+00 , 0.000000E+00
 1658 , 0.329208E+05 , 0.000000E+00 , 0.000000E+00
 1659 , 0.329408E+05 , 0.000000E+00 , 0.000000E+00
 1660 , 0.329608E+05 , 0.000000E+00 , 0.000000E+00
 1661 , 0.329808E+05 , 0.000000E+00 , 0.000000E+00
 1662 , 0.330008E+05 , 0.000000E+00 , 0.000000E+00
 1663 , 0.330208E+05 , 0.000000E+00 , 0.000000E+00
 1664 , 0.330408E+05 , 0.000000E+00 , 0.000000E+00
 1665 , 0.330608E+05 , 0.000000E+00 , 0.000000E+00
 1666 , 0.330808E+05 , 0.000000E+00 , 0.000000E+00
 1667 , 0.331008E+05 , 0.000000E+00 , 0.000000E+00
 1668 , 0.331208E+05 , 0.000000E+00 , 0.000000E+00
 1669 , 0.331408E+05 , 0.000000E+00 , 0.000000E+00
 1670 , 0.331608E+05 , 0.000000E+00 , 0.000000E+00
 1671 , 0.331808E+05 , 0.000000E+00 , 0.000000E+00
 1672 , 0.332008E+05 , 0.000000E+00 , 0.000000E+00
 1673 , 0.332208E+05 , 0.000000E+00 , 0.000000E+00
 1674 , 0.332408E+05 , 0.000000E+00 , 0.000000E+00
 1675 , 0.332608E+05 , 0.000000E+00 , 0.000000E+00
 1676 , 0.332808E+05 , 0.000000E+00 , 0.000000E+00
 1677 , 0.333008E+05 , 0.000000E+00 , 0.000000E+00
 1678 , 0.333208E+05 , 0.000000E+00 , 0.000000E+00
 1679 , 0.333408E+05 , 0.000000E+00 , 0.000000E+00
 1680 , 0.333608E+05 , 0.000000E+00 , 0.000000E+00
 1681 , 0.333808E+05 , 0.000000E+00 , 0.000000E+00
 1682 , 0.334008E+05 , 0.000000E+00 , 0.000000E+00
 1683 , 0.334208E+05 , 0.000000E+00 , 0.000000E+00
 1684 , 0.334408E+05 , 0.000000E+00 , 0.000000E+00
 1685 , 0.334608E+05 , 0.000000E+00 , 0.000000E+00
 1686 , 0.334808E+05 , 0.000000E+00 , 0.000000E+00
 1687 , 0.335008E+05 , 0.000000E+00 , 0.000000E+00
 1688 , 0.335208E+05 , 0.000000E+00 , 0.000000E+00
 1689 , 0.335408E+05 , 0.000000E+00 , 0.000000E+00
 1690 , 0.335608E+05 , 0.000000E+00 , 0.000000E+00
 1691 , 0.335808E+05 , 0.000000E+00 , 0.000000E+00
 1692 , 0.336008E+05 , 0.000000E+00 , 0.000000E+00
 1693 , 0.336208E+05 , 0.000000E+00 , 0.000000E+00
 1694 , 0.336408E+05 , 0.000000E+00 , 0.000000E+00
 1695 , 0.336608E+05 , 0.000000E+00 , 0.000000E+00
 1696 , 0.336808E+05 , 0.000000E+00 , 0.000000E+00
 1697 , 0.337008E+05 , 0.000000E+00 , 0.000000E+00
 1698 , 0.337208E+05 , 0.000000E+00 , 0.000000E+00
 1699 , 0.337408E+05 , 0.000000E+00 , 0.000000E+00
 1700 , 0.337608E+05 , 0.000000E+00 , 0.000000E+00
 1701 , 0.337808E+05 , 0.000000E+00 , 0.000000E+00
 1702 , 0.338008E+05 , 0.000000E+00 , 0.000000E+00
 1703 , 0.338208E+05 , 0.000000E+00 , 0.000000E+00
 1704 , 0.338408E+05 , 0.000000E+00 , 0.000000E+00
 1705 , 0.338608E+05 , 0.000000E+00 , 0.000000E+00
 1706 , 0.338808E+05 , 0.000000E+00 , 0.000000E+00
 1707 , 0.339008E+05 , 0.000000E+00 , 0.000000E+00
 1708 , 0.339208E+05 , 0.000000E+00 , 0.000000E+00
 1709 , 0.339408E+05 , 0.000000E+00 , 0.000000E+00
 1710 , 0.339608E+05 , 0.000000E+00 , 0.000000E+00
 1711 , 0.339808E+05 , 0.000000E+00 , 0.000000E+00
 1712 , 0.340008E+05 , 0.000000E+00 , 0.000000E+00
 1713 , 0.340208E+05 , 0.000000E+00 , 0.000000E+00
 1714 , 0.340408E+05 , 0.000000E+00 , 0.000000E+00
 1715 , 0.340608E+05 , 0.000000E+00 , 0.000000E+00
 1716 , 0.340808E+05 , 0.000000E+00 , 0.000000E+00
 1717 , 0.341008E+05 , 0.000000E+00 , 0.000000E+00
 1718 , 0.341208E+05 , 0.000000E+00 , 0.000000E+00
 1719 , 0.341408E+05 , 0.000000E+00 , 0.000000E+00
 1720 , 0.341608E+05 , 0.000000E+00 , 0.000000E+00
 1721 , 0.341808E+05 , 0.000000E+00 , 0.000000E+00
 1722 , 0.342008E+05 , 0.000000E+00 , 0.000000E+00
 1723 , 0.342208E+05 , 0.000000E+00 , 0.000000E+00
 1724 , 0.342408E+05 , 0.000000E+00 , 0.000000E+00
 1725 , 0.342608E+05 , 0.000000E+00 , 0.000000E+00
 1726 , 0.342808E+05 , 0.000000E+00 , 0.000000E+00
 1727 , 0.343008E+05 , 0.000000E+00 , 0.000000E+00
 1728 , 0.343208E+05 , 0.000000E+00 , 0.000000E+00
 1729 , 0.343408E+05 , 0.000000E+00 , 0.000000E+00
 1730 , 0.343608E+05 , 0.000000E+00 , 0.000000E+00
 1731 , 0.343808E+05 , 0.000000E+00 , 0.000000E+00
 1732 , 0.344008E+05 , 0.000000E+00 , 0.000000E+00
 1733 , 0.344208E+05 , 0.000000E+00 , 0.000000E+00
 1734 , 0.344408E+05 , 0.000000E+00 , 0.000000E+00
 1735 , 0.344608E+05 , 0.000000E+00 , 0.000000E+00
 1736 , 0.344808E+05 , 0.000000E+00 , 0.000000E+00
 1737 , 0.345008E+05 , 0.000000E+00 , 0.000000E+00
 1738 , 0.345208E+05 , 0.000000E+00 , 0.000000E+00
 1739 , 0.345408E+05 , 0.000000E+00 , 0.000000E+00
 1740 , 0.345608E+05 , 0.000000E+00 , 0.000000E+00
 1741 , 0.345808E+05 , 0.000000E+00 , 0.000000E+00
 1742 , 0.346008E+05 , 0.000000E+00 , 0.000000E+00
 1743 , 0.346208E+05 , 0.000000E+00 , 0.000000E+00
 1744 , 0.346408E+05 , 0.000000E+00 , 0.000000E+00
 1745 , 0.346608E+05 , 0.000000E+00 , 0.000000E+00
 1746 , 0.346808E+05 , 0.000000E+00 , 0.000000E+00
 1747 , 0.347008E+05 , 0.000000E+00 , 0.000000E+00
 1748 , 0.347208E+05 , 0.000000E+00 , 0.000000E+00
 1749 , 0.347408E+05 , 0.000000E+00 , 0.000000E+00
 1750 , 0.347608E+05 , 0.000000E+00 , 0.000000E+00
 1751 , 0.347808E+05 , 0.000000E+00 , 0.000000E+00
 1752 , 0.348008E+05 , 0.000000E+00 , 0.000000E+00
 1753 , 0.348208E+05 , 0.000000E+00 , 0.000000E+00
 1754 , 0.348408E+05 , 0.000000E+00 , 0.000000E+00
 1755 , 0.348608E+05 , 0.000000E+00 , 0.000000E+00
 1756 , 0.348808E+05 , 0.000000E+00 , 0.000000E+00
 1757 , 0.349008E+05 , 0.000000E+00 , 0.000000E+00
 1758 , 0.349208E+05 , 0.000000E+00 , 0.000000E+00
 1759 , 0.349408E+05 , 0.000000E+00 , 0.000000E+00
 1760 , 0.349608E+05 , 0.000000E+00 , 0.000000E+00
 1761 , 0.349808E+05 , 0.000000E+00 , 0.000000E+00
 1762 , 0.350008E+05 , 0.000000E+00 , 0.000000E+00
 1763 , 0.350208E+05 , 0.000000E+00 , 0.000000E+00
 1764 , 0.350408E+05 , 0.000000E+00 , 0.000000E+00
 1765 , 0.350608E+05 , 0.000000E+00 , 0.000000E+00
 1766 , 0.350808E+05 , 0.000000E+00 , 0.000000E+00
 1767 , 0.351008E+05 , 0.000000E+00 , 0.000000E+00
 1768 , 0.351208E+05 , 0.000000E+00 , 0.000000E+00
 1769 , 0.351408E+05 , 0.000000E+00 , 0.000000E+00
 1770 , 0.351608E+05 , 0.000000E+00 , 0.000000E+00
 1771 , 0.351808E+05 , 0.000000E+00 , 0.000000E+00
 1772 , 0.352008E+05 , 0.000000E+00 , 0.000000E+00
 1773 , 0.352208E+05 , 0.000000E+00 , 0.000000E+00
 1774 , 0.352408E+05 , 0.000000E+00 , 0.000000E+00
 1775 , 0.352608E+05 , 0.000000E+00 , 0.000000E+00
 1776 , 0.352808E+05 , 0.000000E+00 , 0.000000E+00
 1777 , 0.353008E+05 , 0.000000E+00 , 0.000000E+00
 1778 , 0.353208E+05 , 0.000000E+00 , 0.000000E+00
 1779 , 0.353408E+05 , 0.000000E+00 , 0.000000E+00
 1780 , 0.353608E+05 , 0.000000E+00 , 0.000000E+00
 1781 , 0.353808E+05 , 0.000000E+00 , 0.000000E+00
 1782 , 0.354008E+05 , 0.000000E+00 , 0.000000E+00
 1783 , 0.354208E+05 , 0.000000E+00 , 0.000000E+00
 1784 , 0.354408E+05 , 0.000000E+00 , 0.000000E+00
 1785 , 0.354608E+05 , 0.000000E+00 , 0.000000E+00
 1786 , 0.354808E+05 , 0.000000E+00 , 0.000000E+00
 1787 , 0.355008E+05 , 0.000000E+00 , 0.000000E+00
 1788 , 0.355208E+05 , 0.000000E+00 , 0.000000E+00
 1789 , 0.355408E+05 , 0.000000E+00 , 0.000000E+00
 1790 , 0.355608E+05 , 0.000000E+00 , 0.000000E+00
 1791 , 0.355808E+05 , 0.000000E+00 , 0.000000E+00
 1792 , 0.356008E+05 , 0.000000E+00 , 0.000000E+00
 1793 , 0.356208E+05 , 0.000000E+00 , 0.000000E+00
 1794 , 0.356408E+05 , 0.000000E+00 , 0.000000E+00
 1795 , 0.356608E+05 , 0.000000E+00 , 0.000000E+00
 1796 , 0.356808E+05 , 0.000000E+00 , 0.000000E+00
 1797 , 0.357008E+05 , 0.000000E+00 , 0.000000E+00
 1798 , 0.357208E+05 , 0.000000E+00 , 0.000000E+00
 1799 , 0.357408E+05 , 0.000000E+00 , 0.000000E+00
 1800 , 0.357608E+05 , 0.000000E+00 , 0.000000E+00
 1801 , 0.357808E+05 , 0.000000E+00 , 0.000000E+00
 1802 , 0.358008E+05 , 0.000000E+00 , 0.000000E+00
 1803 , 0.358208E+05 , 0.000000E+00 , 0.000000E+00
 1804 , 0.358408E+05 , 0.000000E+00 , 0.000000E+00
 1805 , 0.358608E+05 , 0.000000E+00 , 0.000000E+00
 1806 , 0.358808E+05 , 0.000000E+00 , 0.000000E+00
 1807 , 0.359008E+05 , 0.000000E+00 , 0.000000E+00
 1808 , 0.359208E+05 , 0.000000E+00 , 0.000000E+00
 1809 , 0.359408E+05 , 0.000000E+00 , 0.000000E+00
 1810 , 0.359608E+05 , 0.000000E+00 , 0.000000E+00
 1811 , 0.359808E+05 , 0.000000E+00 , 0.000000E+00
 1812 , 0.360000E+05 , 0.000000E+00 , 0.000000E+00
