INCON
1Aa 1           0.10000000E+01
 0.1503360227508E+06 0.0000000000000E+00 0.0000000000000E+00 0.3515010281838E+02
1Ba 1           0.10000000E+01
 0.2483565254558E+06 0.0000000000000E+00 0.0000000000000E+00 0.3545030836921E+02
1Ca 1           0.10000000E+01
 0.3463757960679E+06 0.0000000000000E+00 0.0000000000000E+00 0.3575051364273E+02
1Da 1           0.10000000E+01
 0.4443937338363E+06 0.0000000000000E+00 0.0000000000000E+00 0.3605071842834E+02
1Ea 1           0.10000000E+01
 0.5424102388552E+06 0.0000000000000E+00 0.0000000000000E+00 0.3635092251603E+02
1Fa 1           0.10000000E+01
 0.6404252120524E+06 0.0000000000000E+00 0.0000000000000E+00 0.3665112569668E+02
1Ga 1           0.10000000E+01
 0.7384385551772E+06 0.0000000000000E+00 0.0000000000000E+00 0.3695132776217E+02
1Ha 1           0.10000000E+01
 0.8364501707889E+06 0.0000000000000E+00 0.0000000000000E+00 0.3725152850575E+02
1Ia 1           0.10000000E+01
 0.9344599622450E+06 0.0000000000000E+00 0.0000000000000E+00 0.3755172772213E+02
1Ja 1           0.10000000E+01
 0.1032467833690E+07 0.0000000000000E+00 0.0000000000000E+00 0.3785192520776E+02
1Ka 1           0.10000000E+01
 0.1130473690046E+07 0.0000000000000E+00 0.0000000000000E+00 0.3815212076108E+02
1La 1           0.10000000E+01
 0.1228477436998E+07 0.0000000000000E+00 0.0000000000000E+00 0.3845231418278E+02
1Ma 1           0.10000000E+01
 0.1326478980987E+07 0.0000000000000E+00 0.0000000000000E+00 0.3875250527582E+02
1Na 1           0.10000000E+01
 0.1424478229197E+07 0.0000000000000E+00 0.0000000000000E+00 0.3905269384594E+02
1Oa 1           0.10000000E+01
 0.1522475089547E+07 0.0000000000000E+00 0.0000000000000E+00 0.3935287970139E+02
1Pa 1           0.10000000E+01
 0.1620469470677E+07 0.0000000000000E+00 0.0000000000000E+00 0.3965306265386E+02
1Qa 1           0.10000000E+01
 0.1718461281942E+07 0.0000000000000E+00 0.0000000000000E+00 0.3995324251793E+02
1Ra 1           0.10000000E+01
 0.1816450433401E+07 0.0000000000000E+00 0.0000000000000E+00 0.4025341911173E+02
1Sa 1           0.10000000E+01
 0.1914436835805E+07 0.0000000000000E+00 0.0000000000000E+00 0.4055359225703E+02
1Ta 1           0.10000000E+01
 0.2012420400588E+07 0.0000000000000E+00 0.0000000000000E+00 0.4085376177945E+02
1Ua 1           0.10000000E+01
 0.2110401039863E+07 0.0000000000000E+00 0.0000000000000E+00 0.4115392750866E+02
1Va 1           0.10000000E+01
 0.2208378666403E+07 0.0000000000000E+00 0.0000000000000E+00 0.4145408927803E+02
1Wa 1           0.10000000E+01
 0.2306353193640E+07 0.0000000000000E+00 0.0000000000000E+00 0.4175424693032E+02
1Xa 1           0.10000000E+01
 0.2404324535653E+07 0.0000000000000E+00 0.0000000000000E+00 0.4205440030178E+02
1Ya 1           0.10000000E+01
 0.2502292607159E+07 0.0000000000000E+00 0.0000000000000E+00 0.4235454923711E+02
1Za 1           0.10000000E+01
 0.2600257323504E+07 0.0000000000000E+00 0.0000000000000E+00 0.4265469359942E+02
1[a 1           0.10000000E+01
 0.2698218600655E+07 0.0000000000000E+00 0.0000000000000E+00 0.4295483323472E+02
1\a 1           0.10000000E+01
 0.2796176355191E+07 0.0000000000000E+00 0.0000000000000E+00 0.4325496800776E+02
1]a 1           0.10000000E+01
 0.2894130504297E+07 0.0000000000000E+00 0.0000000000000E+00 0.4355509778595E+02
1^a 1           0.10000000E+01
 0.2992080965751E+07 0.0000000000000E+00 0.0000000000000E+00 0.4385522245221E+02
1_a 1           0.10000000E+01
 0.3090027657921E+07 0.0000000000000E+00 0.0000000000000E+00 0.4415534186682E+02
1`a 1           0.10000000E+01
 0.3187970499752E+07 0.0000000000000E+00 0.0000000000000E+00 0.4445545592372E+02
1aa 1           0.10000000E+01
 0.3285909410764E+07 0.0000000000000E+00 0.0000000000000E+00 0.4475556451383E+02
1ba 1           0.10000000E+01
 0.3383844311039E+07 0.0000000000000E+00 0.0000000000000E+00 0.4505566752412E+02
1ca 1           0.10000000E+01
 0.3481775121216E+07 0.0000000000000E+00 0.0000000000000E+00 0.4535576485834E+02
1da 1           0.10000000E+01
 0.3579701762482E+07 0.0000000000000E+00 0.0000000000000E+00 0.4565585643175E+02
1ea 1           0.10000000E+01
 0.3677624156566E+07 0.0000000000000E+00 0.0000000000000E+00 0.4595594214831E+02
1fa 1           0.10000000E+01
 0.3775542225732E+07 0.0000000000000E+00 0.0000000000000E+00 0.4625602193062E+02
1ga 1           0.10000000E+01
 0.3873455892770E+07 0.0000000000000E+00 0.0000000000000E+00 0.4655609570170E+02
1ha 1           0.10000000E+01
 0.3971365080990E+07 0.0000000000000E+00 0.0000000000000E+00 0.4685616338856E+02
1ia 1           0.10000000E+01
 0.4069269714215E+07 0.0000000000000E+00 0.0000000000000E+00 0.4715622494273E+02
1ja 1           0.10000000E+01
 0.4167169716773E+07 0.0000000000000E+00 0.0000000000000E+00 0.4745628029292E+02
1ka 1           0.10000000E+01
 0.4265065013492E+07 0.0000000000000E+00 0.0000000000000E+00 0.4775632940409E+02
1la 1           0.10000000E+01
 0.4362955529693E+07 0.0000000000000E+00 0.0000000000000E+00 0.4805637222483E+02
1ma 1           0.10000000E+01
 0.4460841191181E+07 0.0000000000000E+00 0.0000000000000E+00 0.4835640871503E+02
1na 1           0.10000000E+01
 0.4558721924242E+07 0.0000000000000E+00 0.0000000000000E+00 0.4865643885130E+02
1oa 1           0.10000000E+01
 0.4656597655635E+07 0.0000000000000E+00 0.0000000000000E+00 0.4895646260286E+02
1pa 1           0.10000000E+01
 0.4754468312583E+07 0.0000000000000E+00 0.0000000000000E+00 0.4925647995399E+02
1qa 1           0.10000000E+01
 0.4852333822774E+07 0.0000000000000E+00 0.0000000000000E+00 0.4955649089942E+02
1ra 1           0.10000000E+01
 0.4950194114345E+07 0.0000000000000E+00 0.0000000000000E+00 0.4985649541761E+02
1sa 1           0.10000000E+01
 0.5048049115887E+07 0.0000000000000E+00 0.0000000000000E+00 0.5015649353475E+02
1ta 1           0.10000000E+01
 0.5145898756427E+07 0.0000000000000E+00 0.0000000000000E+00 0.5045648523377E+02
1ua 1           0.10000000E+01
 0.5243742965434E+07 0.0000000000000E+00 0.0000000000000E+00 0.5075647054199E+02
1va 1           0.10000000E+01
 0.5341581672805E+07 0.0000000000000E+00 0.0000000000000E+00 0.5105644947611E+02
1wa 1           0.10000000E+01
 0.5439414808863E+07 0.0000000000000E+00 0.0000000000000E+00 0.5135642206369E+02
1xa 1           0.10000000E+01
 0.5537242304348E+07 0.0000000000000E+00 0.0000000000000E+00 0.5165638833928E+02
1ya 1           0.10000000E+01
 0.5635064090418E+07 0.0000000000000E+00 0.0000000000000E+00 0.5195634834121E+02
1za 1           0.10000000E+01
 0.5732880098636E+07 0.0000000000000E+00 0.0000000000000E+00 0.5225630211217E+02
1{a 1           0.10000000E+01
 0.5830690260971E+07 0.0000000000000E+00 0.0000000000000E+00 0.5255624970185E+02
1|a 1           0.10000000E+01
 0.5928494509787E+07 0.0000000000000E+00 0.0000000000000E+00 0.5285619116861E+02
1}a 1           0.10000000E+01
 0.6026292777844E+07 0.0000000000000E+00 0.0000000000000E+00 0.5315612657602E+02
AAa 1           0.10000000E+01
 0.6124084998287E+07 0.0000000000000E+00 0.0000000000000E+00 0.5345605599035E+02
ABa 1           0.10000000E+01
 0.6221871104645E+07 0.0000000000000E+00 0.0000000000000E+00 0.5375597948865E+02
ACa 1           0.10000000E+01
 0.6319651030825E+07 0.0000000000000E+00 0.0000000000000E+00 0.5405589714712E+02
ADa 1           0.10000000E+01
 0.6417424711107E+07 0.0000000000000E+00 0.0000000000000E+00 0.5435580905563E+02
AEa 1           0.10000000E+01
 0.6515192080138E+07 0.0000000000000E+00 0.0000000000000E+00 0.5465571530170E+02
AFa 1           0.10000000E+01
 0.6612953072929E+07 0.0000000000000E+00 0.0000000000000E+00 0.5495561597816E+02
AGa 1           0.10000000E+01
 0.6710707624852E+07 0.0000000000000E+00 0.0000000000000E+00 0.5525551119300E+02
AHa 1           0.10000000E+01
 0.6808455671631E+07 0.0000000000000E+00 0.0000000000000E+00 0.5555540104590E+02
AIa 1           0.10000000E+01
 0.6906197149340E+07 0.0000000000000E+00 0.0000000000000E+00 0.5585528565235E+02
AJa 1           0.10000000E+01
 0.7003931994401E+07 0.0000000000000E+00 0.0000000000000E+00 0.5615516512635E+02
AKa 1           0.10000000E+01
 0.7101660143573E+07 0.0000000000000E+00 0.0000000000000E+00 0.5645503958926E+02
ALa 1           0.10000000E+01
 0.7199381533958E+07 0.0000000000000E+00 0.0000000000000E+00 0.5675490916572E+02
AMa 1           0.10000000E+01
 0.7297096102985E+07 0.0000000000000E+00 0.0000000000000E+00 0.5705477398661E+02
ANa 1           0.10000000E+01
 0.7394803788416E+07 0.0000000000000E+00 0.0000000000000E+00 0.5735463418401E+02
AOa 1           0.10000000E+01
 0.7492504528336E+07 0.0000000000000E+00 0.0000000000000E+00 0.5765448989801E+02
APa 1           0.10000000E+01
 0.7590198261152E+07 0.0000000000000E+00 0.0000000000000E+00 0.5795434127175E+02
AQa 1           0.10000000E+01
 0.7687884925588E+07 0.0000000000000E+00 0.0000000000000E+00 0.5825418844962E+02
ARa 1           0.10000000E+01
 0.7785564460680E+07 0.0000000000000E+00 0.0000000000000E+00 0.5855403158307E+02
ASa 1           0.10000000E+01
 0.7883236805776E+07 0.0000000000000E+00 0.0000000000000E+00 0.5885387082486E+02
ATa 1           0.10000000E+01
 0.7980901900527E+07 0.0000000000000E+00 0.0000000000000E+00 0.5915370633341E+02
AUa 1           0.10000000E+01
 0.8078559684890E+07 0.0000000000000E+00 0.0000000000000E+00 0.5945353826770E+02
AVa 1           0.10000000E+01
 0.8176210099118E+07 0.0000000000000E+00 0.0000000000000E+00 0.5975336679359E+02
AWa 1           0.10000000E+01
 0.8273853083762E+07 0.0000000000000E+00 0.0000000000000E+00 0.6005319207556E+02
AXa 1           0.10000000E+01
 0.8371488579662E+07 0.0000000000000E+00 0.0000000000000E+00 0.6035301428615E+02
AYa 1           0.10000000E+01
 0.8469116527951E+07 0.0000000000000E+00 0.0000000000000E+00 0.6065283359618E+02
AZa 1           0.10000000E+01
 0.8566736870044E+07 0.0000000000000E+00 0.0000000000000E+00 0.6095265017997E+02
A[a 1           0.10000000E+01
 0.8664349547640E+07 0.0000000000000E+00 0.0000000000000E+00 0.6125246421651E+02
A\a 1           0.10000000E+01
 0.8761954502719E+07 0.0000000000000E+00 0.0000000000000E+00 0.6155227588496E+02
A]a 1           0.10000000E+01
 0.8859551677534E+07 0.0000000000000E+00 0.0000000000000E+00 0.6185208536520E+02
A^a 1           0.10000000E+01
 0.8957141014614E+07 0.0000000000000E+00 0.0000000000000E+00 0.6215189284675E+02
A_a 1           0.10000000E+01
 0.9054722456757E+07 0.0000000000000E+00 0.0000000000000E+00 0.6245169850698E+02
A`a 1           0.10000000E+01
 0.9152295947031E+07 0.0000000000000E+00 0.0000000000000E+00 0.6275150253821E+02
Aaa 1           0.10000000E+01
 0.9249861428766E+07 0.0000000000000E+00 0.0000000000000E+00 0.6305130512667E+02
Aba 1           0.10000000E+01
 0.9347418845555E+07 0.0000000000000E+00 0.0000000000000E+00 0.6335110646302E+02
02a 1           0.10000000E+01
 0.9444968141253E+07 0.0000000000000E+00 0.0000000000000E+00 0.6365090674230E+02
2Aa 1           0.10000000E+01
 0.9542509259968E+07 0.0000000000000E+00 0.0000000000000E+00 0.6395070614623E+02
2Ba 1           0.10000000E+01
 0.9640042146065E+07 0.0000000000000E+00 0.0000000000000E+00 0.6425050487268E+02
2Ca 1           0.10000000E+01
 0.9737566744161E+07 0.0000000000000E+00 0.0000000000000E+00 0.6455030311794E+02
2Da 1           0.10000000E+01
 0.9835082999119E+07 0.0000000000000E+00 0.0000000000000E+00 0.6485010106948E+02
*ta 1           0.90000000E+00
 0.1013253378869E+06 0.0000000000000E+00 0.1000000000000E+01 0.3500000000000E+02
bba 1           0.50000000E+00
 0.9983837982470E+07 0.0000000000000E+00 0.1010000000000E+02 0.6500000000000E+02
     
