INCON -- INITIAL CONDITIONS FOR   69 ELEMENTS AT TIME  0.864000E+07
*bA 1           0.10000000E+01 3
 0.2500000000000E+07 0.0000000000000E+00 0.1000000000000E+01 0.5000000000000E+01
1AA 1           0.10000000E+01 3
 0.7010793134755E+06 0.0000000000000E+00 0.1000000000000E+01-0.1613161409802E+02
1BA 1           0.10000000E+01 3
 0.7083865211418E+06 0.0000000000000E+00 0.1000000000000E+01-0.1121848983304E+02
1CA 1           0.10000000E+01 3
 0.7157118423438E+06 0.0000000000000E+00 0.1000000000000E+01-0.6995245654086E+01
1DA 1           0.10000000E+01 3
 0.7229842313362E+06 0.0000000000000E+00 0.1000000000000E+01-0.3336952713632E+01
1EA 1           0.10000000E+01 3
 0.7302221278615E+06 0.0000000000000E+00 0.1000000000000E+01-0.1401692628358E+00
1FA 1           0.10000000E+01 3
 0.7374398086103E+06 0.0000000000000E+00 0.1000000000000E+01 0.2682791269746E+01
1GA 1           0.10000000E+01 3
 0.7446484140901E+06 0.0000000000000E+00 0.1000000000000E+01 0.5202380487661E+01
1HA 1           0.10000000E+01 3
 0.7518573586941E+06 0.0000000000000E+00 0.1000000000000E+01 0.7478497679644E+01
1IA 1           0.10000000E+01 3
 0.7590744940083E+06 0.0000000000000E+00 0.1000000000000E+01 0.9555998617148E+01
1JA 1           0.10000000E+01 3
 0.7663054242994E+06 0.0000000000000E+00 0.1000000000000E+01 0.1147374475597E+02
1KA 1           0.10000000E+01 3
 0.7735543586723E+06 0.0000000000000E+00 0.1000000000000E+01 0.1326142332536E+02
1LA 1           0.10000000E+01 3
 0.7808246850595E+06 0.0000000000000E+00 0.1000000000000E+01 0.1494425777368E+02
1MA 1           0.10000000E+01 3
 0.7881191129204E+06 0.0000000000000E+00 0.1000000000000E+01 0.1654257053349E+02
1NA 1           0.10000000E+01 3
 0.7954397860039E+06 0.0000000000000E+00 0.1000000000000E+01 0.1807282838648E+02
1OA 1           0.10000000E+01 3
 0.8027884228223E+06 0.0000000000000E+00 0.1000000000000E+01 0.1954811460254E+02
1PA 1           0.10000000E+01 3
 0.8101663868173E+06 0.0000000000000E+00 0.1000000000000E+01 0.2097892765468E+02
1QA 1           0.10000000E+01 3
 0.8175747636745E+06 0.0000000000000E+00 0.1000000000000E+01 0.2237395128806E+02
1RA 1           0.10000000E+01 3
 0.8250144406994E+06 0.0000000000000E+00 0.1000000000000E+01 0.2373975012719E+02
1SA 1           0.10000000E+01 3
 0.8324860808191E+06 0.0000000000000E+00 0.1000000000000E+01 0.2508258251845E+02
1TA 1           0.10000000E+01 3
 0.8399987936360E+06 0.0000000000000E+00 0.1000000000000E+01 0.2637627844755E+02
02A 1           0.10000000E+01 3
 0.8470196803308E+06 0.0000000000000E+00 0.1000000000000E+01 0.2650756078139E+02
02A50           0.30000000E+00 3
 0.8398191239367E+06 0.0000000000000E+00 0.1000000000000E+01 0.2644691451266E+02
02A51           0.30000000E+00 3
 0.8278067362817E+06 0.0000000000000E+00 0.1000000000000E+01 0.2635384480314E+02
02A52           0.30000000E+00 3
 0.8169637199758E+06 0.0000000000000E+00 0.1000000000000E+01 0.2628499951649E+02
02A53           0.30000000E+00 3
 0.8073714722235E+06 0.0000000000000E+00 0.1000000000000E+01 0.2624085513737E+02
02A54           0.30000000E+00 3
 0.7985926582145E+06 0.0000000000000E+00 0.1000000000000E+01 0.2621857807619E+02
02A55           0.30000000E+00 3
 0.7903737113883E+06 0.0000000000000E+00 0.1000000000000E+01 0.2621775963684E+02
02A56           0.30000000E+00 3
 0.7825430354510E+06 0.0000000000000E+00 0.1000000000000E+01 0.2623951005621E+02
02A57           0.30000000E+00 3
 0.7749951244120E+06 0.0000000000000E+00 0.1000000000000E+01 0.2628609798014E+02
02A58           0.30000000E+00 3
 0.7676503689140E+06 0.0000000000000E+00 0.1000000000000E+01 0.2636073820396E+02
02A59           0.30000000E+00 3
 0.7604508137905E+06 0.0000000000000E+00 0.1000000000000E+01 0.2646745788578E+02
02A60           0.30000000E+00 3
 0.7533507970562E+06 0.0000000000000E+00 0.1000000000000E+01 0.2661095318980E+02
02A61           0.30000000E+00 3
 0.7463173325120E+06 0.0000000000000E+00 0.1000000000000E+01 0.2679623204738E+02
02A62           0.30000000E+00 3
 0.7393218606803E+06 0.0000000000000E+00 0.1000000000000E+01 0.2702822478606E+02
02A63           0.30000000E+00 3
 0.7323430383279E+06 0.0000000000000E+00 0.1000000000000E+01 0.2731071617885E+02
02A64           0.30000000E+00 3
 0.7253585863469E+06 0.0000000000000E+00 0.1000000000000E+01 0.2764580089713E+02
02A65           0.30000000E+00 3
 0.7183533780032E+06 0.0000000000000E+00 0.1000000000000E+01 0.2803157213799E+02
02A66           0.30000000E+00 3
 0.7113116923036E+06 0.0000000000000E+00 0.1000000000000E+01 0.2846005856679E+02
02A67           0.30000000E+00 3
 0.7042226260692E+06 0.0000000000000E+00 0.1000000000000E+01 0.2891444510531E+02
02A68           0.30000000E+00 3
 0.6970784853836E+06 0.0000000000000E+00 0.1000000000000E+01 0.2936761650520E+02
02A69           0.30000000E+00 3
 0.6898658263376E+06 0.0000000000000E+00 0.1000000000000E+01 0.2978449629717E+02
02A70           0.30000000E+00 3
 0.6825805625387E+06 0.0000000000000E+00 0.1000000000000E+01 0.3012857399338E+02
02A71           0.30000000E+00 3
 0.6752213738542E+06 0.0000000000000E+00 0.1000000000000E+01 0.3037510088248E+02
02A72           0.30000000E+00 3
 0.6677865537846E+06 0.0000000000000E+00 0.1000000000000E+01 0.3052326401358E+02
02A73           0.30000000E+00 3
 0.6602766918036E+06 0.0000000000000E+00 0.1000000000000E+01 0.3059604969620E+02
02A74           0.30000000E+00 3
 0.6526896560158E+06 0.0000000000000E+00 0.1000000000000E+01 0.3062550622758E+02
02A75           0.30000000E+00 3
 0.6450246233861E+06 0.0000000000000E+00 0.1000000000000E+01 0.3063616195491E+02
02A76           0.30000000E+00 3
 0.6372763821152E+06 0.0000000000000E+00 0.1000000000000E+01 0.3064020135658E+02
02A77           0.30000000E+00 3
 0.6294432412275E+06 0.0000000000000E+00 0.1000000000000E+01 0.3064188784005E+02
02A78           0.30000000E+00 3
 0.6215199304832E+06 0.0000000000000E+00 0.1000000000000E+01 0.3064247039353E+02
02A79           0.30000000E+00 3
 0.6135105870709E+06 0.0000000000000E+00 0.1000000000000E+01 0.3064239019589E+02
02A80           0.30000000E+00 3
 0.6054138825361E+06 0.0000000000000E+00 0.1000000000000E+01 0.3064186706980E+02
02A81           0.30000000E+00 3
 0.5972332196391E+06 0.0000000000000E+00 0.1000000000000E+01 0.3064103878237E+02
02A82           0.30000000E+00 3
 0.5889732174770E+06 0.0000000000000E+00 0.1000000000000E+01 0.3063999729333E+02
02A83           0.30000000E+00 3
 0.5806423614841E+06 0.0000000000000E+00 0.1000000000000E+01 0.3063880603139E+02
02A84           0.30000000E+00 3
 0.5723745322439E+06 0.0000000000000E+00 0.1000000000000E+01 0.3063752570574E+02
02A85           0.30000000E+00 3
 0.5641466256240E+06 0.0000000000000E+00 0.1000000000000E+01 0.3063619543367E+02
02A86           0.30000000E+00 3
 0.5559098227294E+06 0.0000000000000E+00 0.1000000000000E+01 0.3063481646601E+02
02A87           0.30000000E+00 3
 0.5477281633606E+06 0.0000000000000E+00 0.1000000000000E+01 0.3063341636315E+02
02A88           0.30000000E+00 3
 0.5396957588457E+06 0.0000000000000E+00 0.1000000000000E+01 0.3063202211077E+02
02A89           0.30000000E+00 3
 0.5319416273698E+06 0.0000000000000E+00 0.1000000000000E+01 0.3063066342429E+02
02A90           0.30000000E+00 3
 0.5246343362272E+06 0.0000000000000E+00 0.1000000000000E+01 0.3062937503359E+02
02A91           0.30000000E+00 3
 0.5179827804658E+06 0.0000000000000E+00 0.1000000000000E+01 0.3062819748919E+02
02A92           0.30000000E+00 3
 0.5122245216648E+06 0.0000000000000E+00 0.1000000000000E+01 0.3062717543666E+02
02A93           0.30000000E+00 3
 0.5075857258283E+06 0.0000000000000E+00 0.1000000000000E+01 0.3062635072978E+02
02A94           0.30000000E+00 3
 0.5042097134153E+06 0.0000000000000E+00 0.1000000000000E+01 0.3062574990421E+02
02A95           0.30000000E+00 3
 0.5021041190192E+06 0.0000000000000E+00 0.1000000000000E+01 0.3062537493654E+02
02A96           0.30000000E+00 3
 0.5012309891166E+06 0.0000000000000E+00 0.1000000000000E+01 0.3062521940444E+02
+++  
   98  340    6 0.00000000E+00 0.86400000E+07
  -26.1876080238831       0.000000000000000E+000  1.774040252840264E-002
   58.1523944443204      -0.450327252628559     
  -26.0297900139805        1.95727084193207       6.668297325090812E-002
   15.2793027829648       -1.70359802300675     
  -26.0771776301128       3.251657094324448E-002  6.756101434099772E-002
   15.1226311463405       -1.72438098752565     
  -26.1128779064408       2.297627832705757E-002  6.819247861742239E-002
   15.0156319824675       -1.73904621110390     
  -26.1407827945768       1.565214000788651E-002  6.863397325819826E-002
   14.9459082116104       -1.74902604943538     
  -26.1627698590767       9.847969774855476E-003  6.892471906659862E-002
   14.9050131755260       -1.75530001557032     
  -26.1800621631332       5.233126267118738E-003  6.909548310077496E-002
   14.8866067715772       -1.75863194110282     
  -26.1961923834085       1.584953578681829E-003  6.917084623067067E-002
   14.8872362709762       -1.75964107149155     
  -26.2077872035608      -1.820502047195064E-003  6.915819973469171E-002
   14.9036387056423       -1.75848245661234     
  -26.2160601304799      -4.259129801547831E-003  6.908205888851400E-002
   14.9313742038318       -1.75577008335590     
  -26.2226342264386      -5.987022707112228E-003  6.896040594191985E-002
   14.9676333511634       -1.75195594461835     
  -26.2278659223081      -7.347149650799036E-003  6.880279684766544E-002
   15.0107340808287       -1.74727403610497     
  -26.2319564684914      -8.416034523385098E-003  6.861685265556811E-002
   15.0593077118346       -1.74190985206289     
  -26.2351152134314      -9.237935160472182E-003  6.840900458797665E-002
   15.1122121525185       -1.73602083855469     
  -26.2376516824803      -9.858747319475690E-003  6.818448254053966E-002
   15.1685937628993       -1.72973527359238     
  -26.2395015873588      -1.034454680528665E-002  6.794686505862836E-002
   15.2277307853225       -1.72313931453596     
  -26.2410341724873      -1.068399889260137E-002  6.769993536160070E-002
   15.2890697409504       -1.71632640946120     
  -26.2421427359177      -1.095440971866802E-002  6.744556425047415E-002
   15.3522019425460       -1.70934064273816     
  -26.2428786145780      -1.113518105417400E-002  6.718608798923881E-002
   15.4166801944323       -1.70223928132436     
  -26.2452388310257      -4.019787826429691E-003  6.048835364817670E-002
   15.4832583545997       -1.69507207268352     
  -56.5408472835024       -7.56877827346327       0.352776766758467     
   15.5811313730542       -3.62880242324916     
   5.00000000000000     
   5.62500000000000     
   6.87500000000000     
   8.12500000000000     
   9.37500000000000     
   10.6250000000000     
   11.8750000000000     
   13.1250000000000     
   14.3750000000000     
   15.6250000000000     
   16.8750000000000     
   18.1250000000000     
   19.3750000000000     
   20.6250000000000     
   21.8750000000000     
   23.1250000000000     
   24.3750000000000     
   25.6250000000000     
   26.8750000000000     
   28.1250000000000     
   29.3750000000000     
   30.6250000000000     
