INCON -- INITIAL CONDITIONS FOR  102 ELEMENTS AT TIME  0.360000E+05
*ta 1           0.90000000E+00
 0.1013253378869E+06 0.0000000000000E+00 0.1000000000000E+01 0.3500000000000E+02
1Aa 1           0.10000000E+01
 0.2978006582241E+06 0.0000000000000E+00 0.1093473464096E+02 0.5812872649513E+02
1Ba 1           0.10000000E+01
 0.4995242355948E+06 0.0000000000000E+00 0.1088971593117E+02 0.5868854799119E+02
1Ca 1           0.10000000E+01
 0.6323063659498E+06 0.0000000000000E+00 0.1086189706905E+02 0.5889030961972E+02
1Da 1           0.10000000E+01
 0.7529813929899E+06 0.0000000000000E+00 0.1083705135402E+02 0.5903927694080E+02
1Ea 1           0.10000000E+01
 0.8632963003159E+06 0.0000000000000E+00 0.1081505814673E+02 0.5916177467158E+02
1Fa 1           0.10000000E+01
 0.9664411647037E+06 0.0000000000000E+00 0.1079468446382E+02 0.5927125942717E+02
1Ga 1           0.10000000E+01
 0.1064329517501E+07 0.0000000000000E+00 0.1077570830686E+02 0.5937195359505E+02
1Ha 1           0.10000000E+01
 0.1158378355548E+07 0.0000000000000E+00 0.1075799242769E+02 0.5946598855414E+02
1Ia 1           0.10000000E+01
 0.1249578323951E+07 0.0000000000000E+00 0.1074128199085E+02 0.5955518035763E+02
1Ja 1           0.10000000E+01
 0.1338561527365E+07 0.0000000000000E+00 0.1072519070038E+02 0.5964145918370E+02
1Ka 1           0.10000000E+01
 0.1425757542730E+07 0.0000000000000E+00 0.1070957236742E+02 0.5972567764947E+02
1La 1           0.10000000E+01
 0.1511586800791E+07 0.0000000000000E+00 0.1069462005063E+02 0.5980730392056E+02
1Ma 1           0.10000000E+01
 0.1596377237895E+07 0.0000000000000E+00 0.1068024122834E+02 0.5988676443988E+02
1Na 1           0.10000000E+01
 0.1680408032268E+07 0.0000000000000E+00 0.1066636690047E+02 0.5996438370944E+02
1Oa 1           0.10000000E+01
 0.1763817341664E+07 0.0000000000000E+00 0.1065260969023E+02 0.6004165364244E+02
1Pa 1           0.10000000E+01
 0.1846762338561E+07 0.0000000000000E+00 0.1063920168287E+02 0.6011779548692E+02
1Qa 1           0.10000000E+01
 0.1929398612275E+07 0.0000000000000E+00 0.1062620440512E+02 0.6019257389504E+02
1Ra 1           0.10000000E+01
 0.2011845090984E+07 0.0000000000000E+00 0.1061358353921E+02 0.6026611764716E+02
1Sa 1           0.10000000E+01
 0.2094225381653E+07 0.0000000000000E+00 0.1060130899948E+02 0.6033854079326E+02
1Ta 1           0.10000000E+01
 0.2176572548007E+07 0.0000000000000E+00 0.1058897740337E+02 0.6041140913608E+02
1Ua 1           0.10000000E+01
 0.2258966360842E+07 0.0000000000000E+00 0.1057695910633E+02 0.6048335374655E+02
1Va 1           0.10000000E+01
 0.2341478911217E+07 0.0000000000000E+00 0.1056525484070E+02 0.6055432823321E+02
1Wa 1           0.10000000E+01
 0.2424164113667E+07 0.0000000000000E+00 0.1055384832653E+02 0.6062438653952E+02
1Xa 1           0.10000000E+01
 0.2507082216309E+07 0.0000000000000E+00 0.1054268927474E+02 0.6069371897788E+02
1Ya 1           0.10000000E+01
 0.2590240328221E+07 0.0000000000000E+00 0.1053144646566E+02 0.6076367927544E+02
1Za 1           0.10000000E+01
 0.2673684435110E+07 0.0000000000000E+00 0.1052049481934E+02 0.6083278946623E+02
1[a 1           0.10000000E+01
 0.2757449691844E+07 0.0000000000000E+00 0.1050981397739E+02 0.6090108297247E+02
1\a 1           0.10000000E+01
 0.2841564908636E+07 0.0000000000000E+00 0.1049939409520E+02 0.6096858751535E+02
1]a 1           0.10000000E+01
 0.2926053769565E+07 0.0000000000000E+00 0.1048910758134E+02 0.6103583745705E+02
1^a 1           0.10000000E+01
 0.3010921387150E+07 0.0000000000000E+00 0.1047881429689E+02 0.6110346547810E+02
1_a 1           0.10000000E+01
 0.3096193334230E+07 0.0000000000000E+00 0.1046878349974E+02 0.6117032089752E+02
1`a 1           0.10000000E+01
 0.3181885030106E+07 0.0000000000000E+00 0.1045900157492E+02 0.6123642072822E+02
1aa 1           0.10000000E+01
 0.3268014323254E+07 0.0000000000000E+00 0.1044946076646E+02 0.6130178206569E+02
1ba 1           0.10000000E+01
 0.3354582553303E+07 0.0000000000000E+00 0.1043992415639E+02 0.6136747885714E+02
1ca 1           0.10000000E+01
 0.3441598125344E+07 0.0000000000000E+00 0.1043050200902E+02 0.6143304611934E+02
1da 1           0.10000000E+01
 0.3529072706708E+07 0.0000000000000E+00 0.1042132419934E+02 0.6149786419218E+02
1ea 1           0.10000000E+01
 0.3617010255358E+07 0.0000000000000E+00 0.1041238166093E+02 0.6156194347880E+02
1fa 1           0.10000000E+01
 0.3705418036202E+07 0.0000000000000E+00 0.1040365505770E+02 0.6162535764497E+02
1ga 1           0.10000000E+01
 0.3794292278169E+07 0.0000000000000E+00 0.1039493796397E+02 0.6168911929576E+02
1ha 1           0.10000000E+01
 0.3883637045504E+07 0.0000000000000E+00 0.1038635805398E+02 0.6175262141707E+02
1ia 1           0.10000000E+01
 0.3973461045623E+07 0.0000000000000E+00 0.1037800882292E+02 0.6181537824792E+02
1ja 1           0.10000000E+01
 0.4063757504682E+07 0.0000000000000E+00 0.1036971559053E+02 0.6187826391508E+02
1ka 1           0.10000000E+01
 0.4154532003290E+07 0.0000000000000E+00 0.1036164677936E+02 0.6194042281421E+02
1la 1           0.10000000E+01
 0.4245780098653E+07 0.0000000000000E+00 0.1035367746644E+02 0.6200249271491E+02
1ma 1           0.10000000E+01
 0.4337501341459E+07 0.0000000000000E+00 0.1034587769766E+02 0.6206410533622E+02
1na 1           0.10000000E+01
 0.4429694568795E+07 0.0000000000000E+00 0.1033823579152E+02 0.6212529977017E+02
1oa 1           0.10000000E+01
 0.4522353591743E+07 0.0000000000000E+00 0.1033069403766E+02 0.6218638899038E+02
1pa 1           0.10000000E+01
 0.4615480503646E+07 0.0000000000000E+00 0.1032337163821E+02 0.6224670527525E+02
1qa 1           0.10000000E+01
 0.4709066075308E+07 0.0000000000000E+00 0.1031609034609E+02 0.6230725794208E+02
1ra 1           0.10000000E+01
 0.4803110673849E+07 0.0000000000000E+00 0.1030901534842E+02 0.6236709541933E+02
1sa 1           0.10000000E+01
 0.4897608616509E+07 0.0000000000000E+00 0.1030206250622E+02 0.6242668068848E+02
1ta 1           0.10000000E+01
 0.4992553198609E+07 0.0000000000000E+00 0.1029522230798E+02 0.6248607557352E+02
1ua 1           0.10000000E+01
 0.5087943686688E+07 0.0000000000000E+00 0.1028859211847E+02 0.6254467216956E+02
1va 1           0.10000000E+01
 0.5183769774327E+07 0.0000000000000E+00 0.1028198782699E+02 0.6260359765693E+02
1wa 1           0.10000000E+01
 0.5280029952330E+07 0.0000000000000E+00 0.1027558083973E+02 0.6266178712119E+02
1xa 1           0.10000000E+01
 0.5376718067560E+07 0.0000000000000E+00 0.1026930944694E+02 0.6271959967453E+02
1ya 1           0.10000000E+01
 0.5473825653684E+07 0.0000000000000E+00 0.1026311241349E+02 0.6277743896012E+02
1za 1           0.10000000E+01
 0.5571350480647E+07 0.0000000000000E+00 0.1025711729644E+02 0.6283444914153E+02
1{a 1           0.10000000E+01
 0.5669283428318E+07 0.0000000000000E+00 0.1025118500524E+02 0.6289155163555E+02
1|a 1           0.10000000E+01
 0.5767618724824E+07 0.0000000000000E+00 0.1024538757298E+02 0.6294826023703E+02
1}a 1           0.10000000E+01
 0.5866352616120E+07 0.0000000000000E+00 0.1023978358954E+02 0.6300412875866E+02
AAa 1           0.10000000E+01
 0.5965474473170E+07 0.0000000000000E+00 0.1023418027098E+02 0.6306052812037E+02
ABa 1           0.10000000E+01
 0.6064981241287E+07 0.0000000000000E+00 0.1022875467392E+02 0.6311619331244E+02
ACa 1           0.10000000E+01
 0.6164867005999E+07 0.0000000000000E+00 0.1022349073504E+02 0.6317118890001E+02
ADa 1           0.10000000E+01
 0.6265121707650E+07 0.0000000000000E+00 0.1021823137839E+02 0.6322669907790E+02
AEa 1           0.10000000E+01
 0.6365742396575E+07 0.0000000000000E+00 0.1021315955449E+02 0.6328133364303E+02
AFa 1           0.10000000E+01
 0.6466721891139E+07 0.0000000000000E+00 0.1020822013281E+02 0.6333547537905E+02
AGa 1           0.10000000E+01
 0.6568051200778E+07 0.0000000000000E+00 0.1020329976825E+02 0.6339003878239E+02
AHa 1           0.10000000E+01
 0.6669726762255E+07 0.0000000000000E+00 0.1019855982774E+02 0.6344371227518E+02
AIa 1           0.10000000E+01
 0.6771741233660E+07 0.0000000000000E+00 0.1019394078148E+02 0.6349694058871E+02
AJa 1           0.10000000E+01
 0.6874086162398E+07 0.0000000000000E+00 0.1018933682801E+02 0.6355062763524E+02
AKa 1           0.10000000E+01
 0.6976757732920E+07 0.0000000000000E+00 0.1018490675359E+02 0.6360340959258E+02
ALa 1           0.10000000E+01
 0.7079748914109E+07 0.0000000000000E+00 0.1018060527875E+02 0.6365562910123E+02
AMa 1           0.10000000E+01
 0.7183051157729E+07 0.0000000000000E+00 0.1017629408001E+02 0.6370853067613E+02
ANa 1           0.10000000E+01
 0.7286660825827E+07 0.0000000000000E+00 0.1017215099056E+02 0.6376051062299E+02
AOa 1           0.10000000E+01
 0.7390570772836E+07 0.0000000000000E+00 0.1016816647566E+02 0.6381159096423E+02
APa 1           0.10000000E+01
 0.7494771395668E+07 0.0000000000000E+00 0.1016416885691E+02 0.6386339293083E+02
AQa 1           0.10000000E+01
 0.7599262221485E+07 0.0000000000000E+00 0.1016033036613E+02 0.6391427196149E+02
ARa 1           0.10000000E+01
 0.7704034911411E+07 0.0000000000000E+00 0.1015645431125E+02 0.6396614060633E+02
ASa 1           0.10000000E+01
 0.7809086665797E+07 0.0000000000000E+00 0.1015273680361E+02 0.6401706799018E+02
ATa 1           0.10000000E+01
 0.7914408621750E+07 0.0000000000000E+00 0.1014916968440E+02 0.6406706431677E+02
AUa 1           0.10000000E+01
 0.8019993959371E+07 0.0000000000000E+00 0.1014569969954E+02 0.6411664158539E+02
AVa 1           0.10000000E+01
 0.8125836204567E+07 0.0000000000000E+00 0.1014218172999E+02 0.6416736406729E+02
AWa 1           0.10000000E+01
 0.8231933373569E+07 0.0000000000000E+00 0.1013881367417E+02 0.6421712419197E+02
AXa 1           0.10000000E+01
 0.8338277841643E+07 0.0000000000000E+00 0.1013558611227E+02 0.6426594896622E+02
AYa 1           0.10000000E+01
 0.8444862768101E+07 0.0000000000000E+00 0.1013239527970E+02 0.6431497380302E+02
AZa 1           0.10000000E+01
 0.8551683851479E+07 0.0000000000000E+00 0.1012921268341E+02 0.6436456407275E+02
A[a 1           0.10000000E+01
 0.8658737224070E+07 0.0000000000000E+00 0.1012616927203E+02 0.6441319111693E+02
A\a 1           0.10000000E+01
 0.8766016245707E+07 0.0000000000000E+00 0.1012325636135E+02 0.6446088502001E+02
A]a 1           0.10000000E+01
 0.8873514216927E+07 0.0000000000000E+00 0.1012031955013E+02 0.6450949935473E+02
A^a 1           0.10000000E+01
 0.8981228354906E+07 0.0000000000000E+00 0.1011745271538E+02 0.6455798668722E+02
A_a 1           0.10000000E+01
 0.9089151839681E+07 0.0000000000000E+00 0.1011475731526E+02 0.6460551831774E+02
A`a 1           0.10000000E+01
 0.9197276719298E+07 0.0000000000000E+00 0.1011222375461E+02 0.6465212692836E+02
Aaa 1           0.10000000E+01
 0.9305594490197E+07 0.0000000000000E+00 0.1010964384621E+02 0.6470043084120E+02
Aba 1           0.10000000E+01
 0.9414103023874E+07 0.0000000000000E+00 0.1010721350293E+02 0.6474782869972E+02
02a 1           0.10000000E+01
 0.9522794317820E+07 0.0000000000000E+00 0.1010491522688E+02 0.6479428928882E+02
2Aa 1           0.10000000E+01
 0.9631661947384E+07 0.0000000000000E+00 0.1010268150477E+02 0.6484061700825E+02
2Ba 1           0.10000000E+01
 0.9740701330642E+07 0.0000000000000E+00 0.1010043735336E+02 0.6488787768632E+02
2Ca 1           0.10000000E+01
 0.9849900927357E+07 0.0000000000000E+00 0.1009831169433E+02 0.6493419319699E+02
2Da 1           0.10000000E+01
 0.9930132395685E+07 0.0000000000000E+00 0.1009686193748E+02 0.6497368536869E+02
bba 1           0.50000000E+00
 0.9983837982470E+07 0.0000000000000E+00 0.1010000000000E+02 0.6500000000000E+02
+++  
 1812 3781    3 0.00000000E+00 0.36000000E+05
   4221.2867794879730       -13638.389258989229        5.9180826642202993        68.783382767993587        61.370735337725058     
   3365.9095569705041       -7423.1019394871173        3.5186363560755165        92.339460343419972        36.451475289679401     
   3798.0032628755093       -1315.8234032598500        2.8128597532575195        130.39166302765233        29.127654135909456     
   3901.4595848384351       -1205.4915997583742        2.3870426586798033        157.90657381028350        24.707391786777890     
   3971.9845944272379       -879.88286242497520        2.1054838261571702        182.33038136338823        21.784546079081522     
   4013.3979680772600       -690.04514260781741        1.8984736676977931        204.39481239180128        19.635517756605481     
   4044.1372228332166       -548.27469741096843        1.7394684618385534        224.86375430545036        17.984833684399590     
   4068.0886366057680       -448.00703327711261        1.6135159118096600        243.92996078881768        16.677281558404854     
   4086.1873135360638       -379.48747186377938        1.5105140156301005        261.80101476773063        15.607988827550273     
   4098.8780278853410       -329.78657259395072        1.4231668313754324        278.81224908451537        14.701212164616422     
   4108.9242704768576       -285.92870487507503        1.3476410115424182        295.24154147289954        13.917161690655984     
   4119.0295434978298       -248.42905798363671        1.2825680412931963        311.06652261536721        13.241635611785190     
   4127.4196473926513       -219.55925659024365        1.2257299355007141        326.23690743538361        12.651602419355793     
   4134.5216085966540       -199.21351845602373        1.1755296521224021        340.83736455910008        12.130482272520158     
   4138.7079418504663       -181.79185378767579        1.1297163431886317        355.10442146456495        11.654903999170449     
   4143.8303187901429       -163.19605071729694        1.0884252762365143        369.11877746737656        11.226278834206376     
   4148.8478809863827       -147.66794979723753        1.0512260238495312        382.73024943117480        10.840135806230434     
   4153.2760618506536       -134.66436237526659        1.0174993651125230        395.92547343321229        10.490045072968158     
   4157.2095130347097       -126.19303728574432       0.98674702205559539        408.73833106409091        10.170833506639855     
   4158.8805595531012       -117.87728274532512       0.95770594769922990        421.39202340630311        9.8693860551392998     
   4162.2195276162738       -107.63580627700527       0.93102997250098563        433.90370470047191        9.5924959444388609     
   4165.3389527752051       -99.420486655619598       0.90646952556042260        446.08386268767697        9.3375692357011868     
   4168.1823128780461       -92.387904634227638       0.88377479136502668        457.94075685198987        9.1020121063940067     
   4170.6275912742640       -88.054764854108342       0.86266935153338586        469.50905065513848        8.8829546213320025     
   4171.5029836127060       -83.173558393113936       0.84242616097888212        480.98422381215943        8.6728478338653758     
   4173.9207008799895       -76.796656707117819       0.82361894649490519        492.34400429649241        8.4776511229055824     
   4176.1214375317213       -71.774625054542852       0.80608756266089165        503.40798039631579        8.2956997110852413     
   4178.1638576529749       -67.777509360283901       0.78970662669741909        514.19176857545176        8.1256918391136725     
   4179.5962162964834       -65.119470000894538       0.77419294624163415        524.76589700316163        7.9646871874970602     
   4180.4175420006968       -61.666817351734053       0.75928470968524453        535.26692240829959        7.8099680122058617     
   4182.2302820220139       -57.503943435003343       0.74531247136363465        545.62925912488208        7.6649670304150552     
   4183.9075719787770       -54.119982839504935       0.73218722741145836        555.72339982840106        7.5287590432051346     
   4185.4794315338659       -51.922755006904460       0.71983606913489118        565.56045962260373        7.4005870819307624     
   4186.1273822234125       -50.056317347965965       0.70791385087090508        575.26500626999871        7.2768677680676923     
   4187.1432565219666       -47.213389305563695       0.69652805066925705        584.90128819320773        7.1587177888704652     
   4188.5729913600599       -44.404094101219819       0.68579471801662062        594.34794506539890        7.0473415886029045     
   4189.9136086083281       -42.029154216910683       0.67566028867913985        603.54413704643537        6.9421826034339649     
   4191.1356064314996       -40.540369658781131       0.66606488821637500        612.50458036629163        6.8426192077210350     
   4191.6224830301207       -39.157168920822087       0.65675897409271222        621.34371147217280        6.7460608446470847     
   4192.5139487910828       -37.026627523688326       0.64785872201184236        630.10130689936375        6.6537140978517089     
   4193.6780719994822       -35.503971908165077       0.63943432379495224        638.66613284512732        6.5663072712459361     
   4194.2424202618122       -34.015469268728815       0.63128976246086310        647.07936190096734        6.4818052733749880     
   4195.3205076236536       -32.450893095408389       0.62356925689830678        655.34418580904105        6.4017055441552611     
   4195.9735578334457       -31.184559469254165       0.61613517252191607        663.43918986172116        6.3245789847114713     
   4196.8217231951676       -29.754825098212638       0.60903569380551259        671.39200569835316        6.2509259681008764     
   4197.6080187738598       -28.646801221417832       0.60224354725592666        679.17369232724127        6.1804632102142101     
   4198.1968856854082       -27.364154666788188       0.59569416592674596        686.81927254355867        6.1125205035931121     
   4199.1229914148735       -26.346641940396584       0.58947558000134814        694.29810281080256        6.0480116169338602     
   4199.4981754712926       -25.370260967779753       0.58342620392303235        701.64015405248483        5.9852591833807125     
   4200.3435899284195       -24.206808727755853       0.57767081887398908        708.85192606015232        5.9255585482770963     
   4200.9237011507312       -23.405643333880239       0.57213004760608577        715.89339459131543        5.8680855737591031     
   4201.4611167624498       -22.344670093505727       0.56678706311771898        722.81141427858154        5.8126657019601913     
   4202.2591696036507       -21.604504675002293       0.56170673732011811        729.56241025612985        5.7599721566361266     
   4202.5226652383908       -20.865339939821574       0.55674172127628008        736.19000377049508        5.7084755887944842     
   4203.2538996523572       -19.880485233027319       0.55201188362213505        742.70045012180321        5.6594201591812983     
   4203.7983766933958       -19.305214903907931       0.54746373285608252        749.03968880931257        5.6122505115527748     
   4204.1635002984822       -18.511868957599312       0.54304705982844148        755.26893929568678        5.5664456481144367     
   4204.8636148437918       -17.817544951707212       0.53884473327063820        761.35542374410454        5.5228655155112785     
   4205.1767608518430       -17.293054584487290       0.53475440082699821        767.30530995897072        5.4804478820519327     
   4205.6735623960121       -16.455318776419805       0.53081991439643772        773.15180413006874        5.4396478672492163     
   4206.3135064108328       -16.021796705650303       0.52707416076269553        778.83061287157886        5.4008065898976296     
   4206.4379773203227       -15.549252225320547       0.52338575832906165        784.40844527669014        5.3625607968009001     
   4207.0172868645295       -14.744136485806692       0.51986550611934956        789.89292742644011        5.3260602048577192     
   4207.5439548487993       -14.426912753632733       0.51649780540964907        795.20514227559761        5.2911427896558711     
   4207.6604504177012       -13.957379699526802       0.51318021363132260        800.43066201320789        5.2567457121579766     
   4208.2368123756478       -13.261482431356894       0.51002280351175278        805.55665276037018        5.2240109965642310     
   4208.6642742848062       -13.000513249157285       0.50698747950296541        810.52078831007327        5.1925432820295994     
   4208.8014441134756       -12.550061647125462       0.50400286928481386        815.40601156113200        5.1616021766328819     
   4209.3352787332433       -11.945260687555351       0.50116217920769657        820.18871708393795        5.1321545774232602     
   4209.7136303216412       -11.733875990875752       0.49842680101251124        824.81949323601793        5.1037998796629465     
   4209.8270647778436       -11.330608153364746       0.49573286721053850        829.37947810130709        5.0758756105412361     
   4210.3237185728658       -10.758662950110146       0.49316911147598147        833.84269439937475        5.0493021607697894     
   4210.7032313891887       -10.604994683144310       0.49070678046577876        838.15418372978013        5.0237812005561908     
   4210.7450902836736       -10.278069850445572       0.48826633542542841        842.40379780760350        4.9984877813257027     
   4211.2097546306750       -9.6801201547633635       0.48594452657021414        846.57210940044433        4.9744253417622275     
   4211.6449187113112       -9.5145304057530886       0.48373340027945883        850.57766385790785        4.9515113053978359     
   4211.6691346434118       -9.2511364501942541       0.48153785256760862        854.50897661499619        4.9287593810041423     
   4212.0960586128840       -9.0320745418378348       0.47944877070824504        858.36557086623145        4.9071120762243403     
   4212.0592426965395       -8.8095190913132111       0.47736043859176847        862.15994316840886        4.8854731376377369     
   4212.4768886109387       -8.2703773252605508       0.47537474300599042        865.89194247206524        4.8648990503186704     
   4212.8702609509892       -7.9514970206339211       0.47348547516048428        869.47107342110439        4.8453253819872639     
   4213.1359715881490       -7.9360317169310379       0.47166303746996308        872.92734215677456        4.8264451897893297     
   4213.0670559925984       -7.7282557430528120       0.46983217780380548        876.35696191503655        4.8074782755032857     
   4213.4480874085357       -7.2423214047483846       0.46809241431590815        879.73409693338760        4.7894563847143612     
   4213.8033745162538       -7.0511220838841169       0.46643755512371099        882.96835257299256        4.7723152956016168     
   4213.9207320636415       -7.0176921652226962       0.46481437840153739        886.11457723681258        4.7555032275893581     
   4213.9727332770735       -6.7523267957742199       0.46320802582923187        889.23649467759230        4.7388661604637816     
   4214.3158996070624       -6.3504098362546726       0.46168194211231472        892.28473908834178        4.7230617256918244     
   4214.6360192445918       -6.2756605258079778       0.46023065802598112        895.20099726125261        4.7080332038712038     
   4214.6112727492091       -6.2166866241546925       0.45877857279866829        898.06392227378024        4.6929969774070930     
   4214.7909660145469       -5.8411188410987549       0.45736965379113176        900.90266863559236        4.6784087923702167     
   4215.1722811090494       -5.4394327827084901       0.45604747808863066        903.62796532333607        4.6647209281540736     
   4215.5281032920775       -5.4172991029398423       0.45480628043180393        906.19999880479907        4.6518738786713767     
   4215.4291453169817       -5.3047584086046706       0.45354775053635477        908.72313011034487        4.6388487380145245     
   4215.7573638916474       -4.9102723650043361       0.45236304567872077        911.20185878211021        4.6265899517877678     
   4216.0512820929289       -4.7331187495419034       0.45124467921634576        913.55000479019020        4.6150197142861442     
   4216.1988905900234       -4.7311882364979398       0.45016088777004803        915.80671880680677        4.6038086465267005     
   4216.1833670007236       -4.5785909859830918       0.44907659028427105        918.03980253172108        4.5925932136858973     
   4216.4469065345411       -3.3915942819434912       0.44805081243847650        920.22279237543557        4.5819848643939052     
   4217.9641004339855        2908.7179275094627       0.44734783466265166        922.01505703707574        4.5747236644795644     
   8451.5509503842313        5819.8322678627001       0.88963224003618380        921.73064120723393        9.1692199136559438     
   35.000000000000000     
   35.150102818379999     
   35.450308369209999     
   35.750513642729999     
   36.050718428339998     
   36.350922516030003     
   36.651125696679998     
   36.951327762170003     
   37.251528505750002     
   37.551727722130003     
   37.851925207759997     
   38.152120761079999     
   38.452314182780000     
   38.752505275819999     
   39.052693845939999     
   39.352879701390002     
   39.653062653859998     
   39.953242517930001     
   40.253419111729997     
   40.553592257029997     
   40.853761779449997     
   41.153927508659997     
   41.454089278029997     
   41.754246930320001     
   42.054400301779999     
   42.354549237110000     
   42.654693599420000     
   42.954833234719999     
   43.254968007759999     
   43.555097785949997     
   43.855222452210000     
   44.155341866820002     
   44.455455923720002     
   44.755564513830002     
   45.055667524119997     
   45.355764858340002     
   45.655856431750003     
   45.955942148310001     
   46.256021930620001     
   46.556095701700002     
   46.856163388559999     
   47.156224942729999     
   47.456280292919999     
   47.756329404090003     
   48.056372224830000     
   48.356408715030000     
   48.656438851300003     
   48.956462602860000     
   49.256479953990002     
   49.556490899419998     
   49.856495417609999     
   50.156493534749998     
   50.456485233770003     
   50.756470541989998     
   51.056449476109997     
   51.356422063689998     
   51.656388339279999     
   51.956348341210003     
   52.256302112169998     
   52.556249701850000     
   52.856191168610003     
   53.156126576020000     
   53.456055990350002     
   53.755979488649999     
   54.055897147120000     
   54.355809055629997     
   54.655715301699999     
   54.955615978159997     
   55.255511192999997     
   55.555401045899998     
   55.855285652349998     
   56.155165126349999     
   56.455039589259997     
   56.754909165720001     
   57.054773986610002     
   57.354634184010003     
   57.654489898009999     
   57.954341271750003     
   58.254188449620003     
   58.554031583070000     
   58.853870824860003     
   59.153706333410000     
   59.453538267699997     
   59.753366793589997     
   60.053192075559998     
   60.353014286150000     
   60.652833596180002     
   60.952650179970000     
   61.252464216509999     
   61.552275884959997     
   61.852085365199997     
   62.151892846750002     
   62.451698506980001     
   62.751502538209998     
   63.051305126670002     
   63.351106463020002     
   63.650906742300002     
   63.950706146229997     
   64.250504872679997     
   64.550303117940004     
   64.850101069480004     
   65.000000000000000     
